event_id	tenant_id	event_time	event_name	cost	error	body
e00000000	alpha	1760000000000	c2	0.02100907824933529	0	kw2x0 kw2x5 kw2x1 kw2x3 kw2x4
e00000001	alpha	1760000001000	c4	0.023052413016557693	0	kw4x3 kw4x4 kw4x4 kw4x5 kw4x5
e00000002	alpha	1760000002000	c2	0.025564217939972878	0	kw2x0 kw2x4 kw2x5 kw2x1 kw2x5
e00000003	alpha	1760000003000	c0	0.0031388849020004272	1	kw0x1 kw0x3 kw0x5 kw0x2 kw0x4
e00000004	alpha	1760000004000	c6	0.015734056010842323	1	kw6x4 kw6x1 kw6x1 kw6x3 kw6x3
e00000005	alpha	1760000005000	c2	0.005524799227714539	0	kw2x3 kw2x5 kw2x1 kw2x3 kw2x4
e00000006	alpha	1760000006000	c1	0.0017489076126366854	0	kw1x1 kw1x5 kw1x0 kw1x3 kw1x2
e00000007	alpha	1760000007000	c0	0.026187380775809288	0	kw0x3 kw0x3 kw0x0 kw0x5 kw0x2
e00000008	alpha	1760000008000	c0	0.04136728495359421	0	kw0x3 kw0x4 kw0x1 kw0x2 kw0x5
e00000009	alpha	1760000009000	c0	0.026721252128481865	0	kw0x3 kw0x1 kw0x0 kw0x1 kw0x0
e00000010	alpha	1760000010000	c0	0.021188411861658096	0	kw0x3 kw0x2 kw0x1 kw0x1 kw0x4
e00000011	alpha	1760000011000	c2	0.049354102462530136	0	kw2x4 kw2x4 kw2x2 kw2x3 kw2x5
e00000012	alpha	1760000012000	c3	0.023123158141970634	0	kw3x2 kw3x5 kw3x5 kw3x4 kw3x1
e00000013	alpha	1760000013000	c4	0.0379786491394043	0	kw4x5 kw4x3 kw4x5 kw4x3 kw4x3
e00000014	alpha	1760000014000	c0	0.01240264531224966	1	kw0x5 kw0x4 kw0x3 kw0x1 kw0x0
e00000015	alpha	1760000015000	c1	0.0495300218462944	0	kw1x3 kw1x1 kw1x1 kw1x2 kw1x5
e00000016	alpha	1760000016000	c2	0.015724778175354004	0	kw2x2 kw2x2 kw2x3 kw2x5 kw2x2
e00000017	alpha	1760000017000	c3	0.04539705067873001	0	kw3x3 kw3x2 kw3x1 kw3x2 kw3x3
e00000018	alpha	1760000018000	c0	0.044511578977108	0	kw0x1 kw0x4 kw0x5 kw0x2 kw0x2
e00000019	alpha	1760000019000	c1	0.0014089792966842651	0	kw1x3 kw1x1 kw1x2 kw1x4 kw1x4
e00000020	alpha	1760000020000	c0	0.0023727030493319035	0	kw0x2 kw0x0 kw0x5 kw0x1 kw0x4
e00000021	alpha	1760000021000	c6	0.03793734312057495	0	kw6x2 kw6x3 kw6x3 kw6x0 kw6x3
e00000022	alpha	1760000022000	c3	0.026861978694796562	0	kw3x2 kw3x1 kw3x2 kw3x2 kw3x3
e00000023	alpha	1760000023000	c6	0.04322770982980728	0	kw6x4 kw6x2 kw6x2 kw6x1 kw6x3
e00000024	alpha	1760000024000	c2	0.04949517920613289	0	kw2x3 kw2x3 kw2x2 kw2x2 kw2x0
e00000025	alpha	1760000025000	c6	0.0057256342843174934	0	kw6x3 kw6x1 kw6x3 kw6x0 kw6x0
e00000026	alpha	1760000026000	c0	0.04718092083930969	0	kw0x5 kw0x4 kw0x2 kw0x0 kw0x5
e00000027	alpha	1760000027000	c0	0.01996111311018467	0	kw0x3 kw0x1 kw0x2 kw0x0 kw0x0
e00000028	alpha	1760000028000	c4	0.02939872443675995	0	kw4x3 kw4x2 kw4x2 kw4x0 kw4x3
e00000029	alpha	1760000029000	c2	0.009632808156311512	0	kw2x4 kw2x5 kw2x1 kw2x0 kw2x0
e00000030	alpha	1760000030000	c0	0.00978573877364397	0	kw0x1 kw0x1 kw0x3 kw0x4 kw0x4
e00000031	alpha	1760000031000	c1	0.04311717674136162	0	kw1x3 kw1x3 kw1x1 kw1x5 kw1x2
e00000032	alpha	1760000032000	c2	0.0013357073767110705	0	kw2x5 kw2x3 kw2x0 kw2x1 kw2x0
e00000033	alpha	1760000033000	c5	0.04539903998374939	0	kw5x5 kw5x4 kw5x4 kw5x5 kw5x4
e00000034	alpha	1760000034000	c7	0.01293793972581625	0	kw7x5 kw7x4 kw7x3 kw7x4 kw7x5
e00000035	alpha	1760000035000	c4	0.019573945552110672	0	kw4x3 kw4x2 kw4x2 kw4x0 kw4x5
e00000036	alpha	1760000036000	c0	0.030216841027140617	1	kw0x2 kw0x5 kw0x5 kw0x2 kw0x3
e00000037	alpha	1760000037000	c1	0.03525326028466225	0	kw1x1 kw1x3 kw1x1 kw1x5 kw1x4
e00000038	alpha	1760000038000	c4	0.02824361063539982	0	kw4x1 kw4x1 kw4x2 kw4x5 kw4x1
e00000039	alpha	1760000039000	c6	0.002591431140899658	0	kw6x2 kw6x4 kw6x2 kw6x1 kw6x5
e00000040	alpha	1760000040000	c4	0.0494227409362793	1	kw4x1 kw4x3 kw4x5 kw4x0 kw4x4
e00000041	alpha	1760000041000	c1	0.004355987999588251	1	kw1x5 kw1x0 kw1x4 kw1x5 kw1x3
e00000042	alpha	1760000042000	c5	0.02823801338672638	0	kw5x5 kw5x4 kw5x4 kw5x0 kw5x2
e00000043	alpha	1760000043000	c7	0.002773985266685486	1	kw7x5 kw7x3 kw7x1 kw7x5 kw7x5
e00000044	alpha	1760000044000	c5	0.031649909913539886	0	kw5x3 kw5x4 kw5x0 kw5x0 kw5x0
e00000045	alpha	1760000045000	c7	0.02663062885403633	0	kw7x3 kw7x5 kw7x0 kw7x5 kw7x1
e00000046	alpha	1760000046000	c0	0.015031558461487293	0	kw0x1 kw0x3 kw0x0 kw0x2 kw0x5
e00000047	alpha	1760000047000	c0	0.035679589956998825	0	kw0x2 kw0x5 kw0x4 kw0x0 kw0x0
e00000048	alpha	1760000048000	c0	0.010978701524436474	0	kw0x3 kw0x0 kw0x2 kw0x2 kw0x5
e00000049	alpha	1760000049000	c0	0.008556596003472805	0	kw0x5 kw0x4 kw0x4 kw0x2 kw0x1
e00000050	alpha	1760000050000	c2	0.04258096590638161	0	kw2x5 kw2x3 kw2x0 kw2x1 kw2x4
e00000051	alpha	1760000051000	c0	0.012866199016571045	0	kw0x4 kw0x0 kw0x0 kw0x2 kw0x1
e00000052	alpha	1760000052000	c3	0.032375138252973557	0	kw3x2 kw3x3 kw3x5 kw3x2 kw3x3
e00000053	alpha	1760000053000	c5	0.0496782623231411	0	kw5x1 kw5x5 kw5x1 kw5x0 kw5x2
e00000054	alpha	1760000054000	c0	0.00024249554553534836	0	kw0x5 kw0x0 kw0x5 kw0x4 kw0x0
e00000055	alpha	1760000055000	c0	0.045005954802036285	0	kw0x0 kw0x5 kw0x4 kw0x4 kw0x5
e00000056	alpha	1760000056000	c5	0.039889391511678696	0	kw5x0 kw5x1 kw5x0 kw5x1 kw5x1
e00000057	alpha	1760000057000	c2	0.04040544852614403	0	kw2x3 kw2x2 kw2x3 kw2x4 kw2x4
e00000058	alpha	1760000058000	c3	0.015375885181128979	0	kw3x3 kw3x5 kw3x4 kw3x1 kw3x4
e00000059	alpha	1760000059000	c1	0.04571722075343132	0	kw1x0 kw1x3 kw1x5 kw1x1 kw1x5
e00000060	alpha	1760000060000	c2	0.02338004671037197	0	kw2x4 kw2x1 kw2x2 kw2x4 kw2x3
e00000061	alpha	1760000061000	c0	0.00534285930916667	0	kw0x0 kw0x5 kw0x3 kw0x0 kw0x4
e00000062	alpha	1760000062000	c1	0.028425142168998718	1	kw1x4 kw1x4 kw1x3 kw1x0 kw1x1
e00000063	alpha	1760000063000	c0	0.011961293406784534	0	kw0x0 kw0x4 kw0x1 kw0x0 kw0x3
e00000064	alpha	1760000064000	c1	0.01338485162705183	0	kw1x1 kw1x3 kw1x1 kw1x3 kw1x1
e00000065	alpha	1760000065000	c2	0.004360574763268232	0	kw2x5 kw2x2 kw2x1 kw2x4 kw2x5
e00000066	alpha	1760000066000	c1	0.03160566836595535	0	kw1x2 kw1x3 kw1x4 kw1x4 kw1x0
e00000067	alpha	1760000067000	c0	0.045780256390571594	0	kw0x0 kw0x3 kw0x1 kw0x5 kw0x0
e00000068	alpha	1760000068000	c0	0.03210341930389404	0	kw0x1 kw0x0 kw0x3 kw0x5 kw0x5
e00000069	alpha	1760000069000	c0	0.045256711542606354	1	kw0x2 kw0x4 kw0x5 kw0x3 kw0x2
e00000070	alpha	1760000070000	c4	0.03330842778086662	0	kw4x2 kw4x0 kw4x0 kw4x1 kw4x1
e00000071	alpha	1760000071000	c5	0.0254021268337965	0	kw5x5 kw5x4 kw5x0 kw5x3 kw5x1
e00000072	alpha	1760000072000	c0	0.012545761652290821	0	kw0x1 kw0x1 kw0x1 kw0x4 kw0x1
e00000073	alpha	1760000073000	c2	0.024838978424668312	1	kw2x2 kw2x5 kw2x5 kw2x0 kw2x0
e00000074	alpha	1760000074000	c1	0.020795194432139397	0	kw1x4 kw1x4 kw1x4 kw1x0 kw1x4
e00000075	alpha	1760000075000	c0	0.0171910859644413	0	kw0x5 kw0x4 kw0x3 kw0x4 kw0x2
e00000076	alpha	1760000076000	c0	0.02500886656343937	0	kw0x2 kw0x2 kw0x1 kw0x1 kw0x3
e00000077	alpha	1760000077000	c2	0.00498582748696208	0	kw2x2 kw2x0 kw2x1 kw2x4 kw2x3
e00000078	alpha	1760000078000	c3	0.03473988547921181	0	kw3x4 kw3x2 kw3x2 kw3x2 kw3x5
e00000079	alpha	1760000079000	c1	0.0006309598684310913	0	kw1x3 kw1x0 kw1x4 kw1x5 kw1x4
e00000080	alpha	1760000080000	c0	0.00668928911909461	0	kw0x5 kw0x0 kw0x4 kw0x1 kw0x5
e00000081	alpha	1760000081000	c3	0.027010494843125343	0	kw3x3 kw3x2 kw3x4 kw3x2 kw3x2
e00000082	alpha	1760000082000	c0	0.017737695947289467	0	kw0x2 kw0x0 kw0x4 kw0x1 kw0x1
e00000083	alpha	1760000083000	c0	0.00312022864818573	0	kw0x0 kw0x1 kw0x3 kw0x1 kw0x2
e00000084	alpha	1760000084000	c0	0.025998691096901894	0	kw0x0 kw0x1 kw0x3 kw0x1 kw0x1
e00000085	alpha	1760000085000	c0	0.03716520220041275	0	kw0x3 kw0x5 kw0x4 kw0x5 kw0x5
e00000086	alpha	1760000086000	c0	0.009328195825219154	0	kw0x3 kw0x0 kw0x2 kw0x4 kw0x2
e00000087	alpha	1760000087000	c4	0.01375111099332571	0	kw4x1 kw4x4 kw4x5 kw4x4 kw4x2
e00000088	alpha	1760000088000	c0	0.029049908742308617	0	kw0x3 kw0x4 kw0x2 kw0x1 kw0x2
e00000089	alpha	1760000089000	c0	0.034491896629333496	0	kw0x1 kw0x5 kw0x1 kw0x2 kw0x1
e00000090	alpha	1760000090000	c0	0.041578467935323715	0	kw0x2 kw0x4 kw0x3 kw0x2 kw0x2
e00000091	alpha	1760000091000	c7	0.04038297012448311	0	kw7x3 kw7x0 kw7x0 kw7x1 kw7x2
e00000092	alpha	1760000092000	c1	0.00308803329244256	0	kw1x5 kw1x3 kw1x5 kw1x3 kw1x4
e00000093	alpha	1760000093000	c4	0.011730194091796875	0	kw4x1 kw4x3 kw4x4 kw4x4 kw4x0
e00000094	alpha	1760000094000	c4	0.026310613378882408	0	kw4x5 kw4x5 kw4x1 kw4x0 kw4x1
e00000095	alpha	1760000095000	c5	0.017882511019706726	1	kw5x0 kw5x0 kw5x5 kw5x0 kw5x0
e00000096	alpha	1760000096000	c3	0.020538805052638054	0	kw3x5 kw3x0 kw3x1 kw3x5 kw3x4
e00000097	alpha	1760000097000	c2	0.024783998727798462	1	kw2x5 kw2x5 kw2x0 kw2x0 kw2x5
e00000098	alpha	1760000098000	c3	0.00029894112958572805	0	kw3x1 kw3x4 kw3x3 kw3x0 kw3x3
e00000099	alpha	1760000099000	c0	0.02243529073894024	0	kw0x3 kw0x3 kw0x4 kw0x1 kw0x5
e00000100	alpha	1760000100000	c0	0.03820124641060829	0	kw0x1 kw0x5 kw0x2 kw0x1 kw0x0
e00000101	alpha	1760000101000	c0	0.034840818494558334	1	kw0x3 kw0x2 kw0x0 kw0x3 kw0x5
e00000102	alpha	1760000102000	c3	0.010633835569024086	0	kw3x1 kw3x1 kw3x3 kw3x4 kw3x1
e00000103	alpha	1760000103000	c1	0.030111128464341164	0	kw1x3 kw1x3 kw1x4 kw1x3 kw1x0
e00000104	alpha	1760000104000	c3	0.021351713687181473	0	kw3x5 kw3x0 kw3x0 kw3x4 kw3x2
e00000105	alpha	1760000105000	c0	0.0021748573053628206	0	kw0x3 kw0x5 kw0x2 kw0x0 kw0x3
e00000106	alpha	1760000106000	c7	0.04194271191954613	0	kw7x2 kw7x1 kw7x4 kw7x3 kw7x2
e00000107	alpha	1760000107000	c1	0.047993749380111694	0	kw1x2 kw1x1 kw1x2 kw1x1 kw1x3
e00000108	alpha	1760000108000	c0	0.02079746685922146	0	kw0x0 kw0x5 kw0x5 kw0x2 kw0x4
e00000109	alpha	1760000109000	c0	0.03084915690124035	0	kw0x4 kw0x1 kw0x0 kw0x3 kw0x0
e00000110	alpha	1760000110000	c0	0.037851955741643906	0	kw0x1 kw0x1 kw0x4 kw0x0 kw0x5
e00000111	alpha	1760000111000	c2	0.023630192503333092	0	kw2x4 kw2x2 kw2x5 kw2x3 kw2x3
e00000112	alpha	1760000112000	c1	0.006801131647080183	0	kw1x3 kw1x5 kw1x0 kw1x0 kw1x2
e00000113	alpha	1760000113000	c1	0.0061727226711809635	0	kw1x5 kw1x3 kw1x5 kw1x0 kw1x5
e00000114	alpha	1760000114000	c0	0.03428266942501068	0	kw0x3 kw0x2 kw0x2 kw0x5 kw0x3
e00000115	alpha	1760000115000	c3	0.015562540851533413	0	kw3x3 kw3x3 kw3x0 kw3x5 kw3x5
e00000116	alpha	1760000116000	c0	0.01824810914695263	0	kw0x1 kw0x2 kw0x0 kw0x2 kw0x4
e00000117	alpha	1760000117000	c2	0.036641333252191544	0	kw2x1 kw2x3 kw2x3 kw2x2 kw2x5
e00000118	alpha	1760000118000	c0	0.0023509382735937834	0	kw0x2 kw0x2 kw0x1 kw0x4 kw0x3
e00000119	alpha	1760000119000	c2	0.042599789798259735	1	kw2x4 kw2x1 kw2x3 kw2x1 kw2x0
e00000120	alpha	1760000120000	c0	0.0392073355615139	0	kw0x3 kw0x1 kw0x4 kw0x0 kw0x0
e00000121	alpha	1760000121000	c7	0.042806047946214676	1	kw7x1 kw7x3 kw7x4 kw7x4 kw7x3
e00000122	alpha	1760000122000	c1	0.007643893361091614	1	kw1x5 kw1x5 kw1x2 kw1x3 kw1x4
e00000123	alpha	1760000123000	c0	0.001958289882168174	0	kw0x3 kw0x0 kw0x0 kw0x1 kw0x5
e00000124	alpha	1760000124000	c0	0.03290092572569847	0	kw0x1 kw0x1 kw0x2 kw0x3 kw0x5
e00000125	alpha	1760000125000	c1	0.04718412086367607	0	kw1x5 kw1x3 kw1x3 kw1x0 kw1x5
e00000126	alpha	1760000126000	c0	0.03191381320357323	0	kw0x4 kw0x0 kw0x2 kw0x3 kw0x1
e00000127	alpha	1760000127000	c0	0.014952907338738441	1	kw0x0 kw0x1 kw0x0 kw0x1 kw0x4
e00000128	alpha	1760000128000	c3	0.0413333922624588	0	kw3x0 kw3x2 kw3x2 kw3x3 kw3x0
e00000129	alpha	1760000129000	c5	0.044375330209732056	0	kw5x5 kw5x2 kw5x3 kw5x0 kw5x0
e00000130	alpha	1760000130000	c7	0.03458355367183685	0	kw7x2 kw7x3 kw7x5 kw7x1 kw7x0
e00000131	alpha	1760000131000	c2	0.04840824753046036	0	kw2x1 kw2x4 kw2x4 kw2x4 kw2x5
e00000132	alpha	1760000132000	c0	0.04658849164843559	1	kw0x0 kw0x4 kw0x4 kw0x5 kw0x2
e00000133	alpha	1760000133000	c6	0.01214833278208971	1	kw6x1 kw6x5 kw6x3 kw6x1 kw6x4
e00000134	alpha	1760000134000	c6	0.0001503050298197195	0	kw6x2 kw6x2 kw6x3 kw6x1 kw6x4
e00000135	alpha	1760000135000	c1	0.03164514899253845	0	kw1x5 kw1x3 kw1x2 kw1x4 kw1x0
e00000136	alpha	1760000136000	c0	0.013536891900002956	0	kw0x4 kw0x1 kw0x2 kw0x4 kw0x3
e00000137	alpha	1760000137000	c5	0.01021509524434805	0	kw5x3 kw5x5 kw5x4 kw5x1 kw5x2
e00000138	alpha	1760000138000	c7	0.04187006503343582	0	kw7x5 kw7x5 kw7x0 kw7x2 kw7x5
e00000139	alpha	1760000139000	c1	0.02262706123292446	0	kw1x3 kw1x4 kw1x5 kw1x3 kw1x4
e00000140	alpha	1760000140000	c2	0.017893893644213676	0	kw2x5 kw2x1 kw2x3 kw2x5 kw2x1
e00000141	alpha	1760000141000	c2	0.001605966710485518	0	kw2x5 kw2x0 kw2x1 kw2x5 kw2x2
e00000142	alpha	1760000142000	c2	0.008708042092621326	1	kw2x4 kw2x4 kw2x3 kw2x3 kw2x3
e00000143	alpha	1760000143000	c0	0.017414046451449394	1	kw0x1 kw0x3 kw0x4 kw0x0 kw0x0
e00000144	alpha	1760000144000	c4	0.03649383410811424	1	kw4x5 kw4x5 kw4x3 kw4x3 kw4x5
e00000145	alpha	1760000145000	c0	0.0448218397796154	1	kw0x4 kw0x5 kw0x5 kw0x2 kw0x1
e00000146	alpha	1760000146000	c0	0.04858607426285744	1	kw0x2 kw0x4 kw0x1 kw0x3 kw0x3
e00000147	alpha	1760000147000	c1	0.04940209910273552	1	kw1x1 kw1x0 kw1x2 kw1x0 kw1x4
e00000148	alpha	1760000148000	c0	0.0453081838786602	0	kw0x5 kw0x3 kw0x2 kw0x3 kw0x2
e00000149	alpha	1760000149000	c5	0.03173799067735672	0	kw5x4 kw5x3 kw5x5 kw5x3 kw5x5
e00000150	alpha	1760000150000	c0	0.02616959810256958	0	kw0x3 kw0x0 kw0x0 kw0x3 kw0x4
e00000151	alpha	1760000151000	c4	0.01317263301461935	0	kw4x2 kw4x1 kw4x5 kw4x1 kw4x4
e00000152	alpha	1760000152000	c0	0.049171656370162964	0	kw0x4 kw0x4 kw0x3 kw0x0 kw0x3
e00000153	alpha	1760000153000	c6	0.01625197008252144	0	kw6x1 kw6x1 kw6x4 kw6x0 kw6x3
e00000154	alpha	1760000154000	c2	0.04321207106113434	0	kw2x0 kw2x0 kw2x1 kw2x2 kw2x2
e00000155	alpha	1760000155000	c1	0.039983849972486496	0	kw1x2 kw1x4 kw1x0 kw1x5 kw1x0
e00000156	alpha	1760000156000	c0	0.0025140761863440275	0	kw0x3 kw0x1 kw0x0 kw0x2 kw0x1
e00000157	alpha	1760000157000	c0	0.011684375815093517	0	kw0x3 kw0x2 kw0x3 kw0x3 kw0x2
e00000158	alpha	1760000158000	c0	0.028309611603617668	0	kw0x3 kw0x0 kw0x1 kw0x2 kw0x0
e00000159	alpha	1760000159000	c6	0.0011689335806295276	0	kw6x2 kw6x5 kw6x3 kw6x1 kw6x4
e00000160	alpha	1760000160000	c4	0.046434372663497925	1	kw4x1 kw4x2 kw4x3 kw4x3 kw4x1
e00000161	alpha	1760000161000	c1	0.045070238411426544	0	kw1x0 kw1x5 kw1x3 kw1x4 kw1x2
e00000162	alpha	1760000162000	c2	0.025331465527415276	0	kw2x1 kw2x1 kw2x0 kw2x0 kw2x4
e00000163	alpha	1760000163000	c5	0.04532207176089287	0	kw5x2 kw5x0 kw5x1 kw5x2 kw5x3
e00000164	alpha	1760000164000	c2	0.01831207610666752	0	kw2x3 kw2x3 kw2x4 kw2x1 kw2x5
e00000165	alpha	1760000165000	c0	0.02306143008172512	0	kw0x5 kw0x0 kw0x0 kw0x0 kw0x3
e00000166	alpha	1760000166000	c0	0.011724868789315224	0	kw0x0 kw0x2 kw0x2 kw0x4 kw0x3
e00000167	alpha	1760000167000	c2	0.002450862666592002	0	kw2x0 kw2x0 kw2x3 kw2x1 kw2x0
e00000168	alpha	1760000168000	c1	0.021442925557494164	0	kw1x5 kw1x3 kw1x0 kw1x1 kw1x5
e00000169	alpha	1760000169000	c0	0.028998738154768944	1	kw0x4 kw0x4 kw0x3 kw0x3 kw0x1
e00000170	alpha	1760000170000	c1	0.04741248860955238	0	kw1x2 kw1x1 kw1x5 kw1x1 kw1x3
e00000171	alpha	1760000171000	c0	0.0412624329328537	0	kw0x2 kw0x1 kw0x0 kw0x4 kw0x4
e00000172	alpha	1760000172000	c4	0.01780618540942669	0	kw4x0 kw4x0 kw4x1 kw4x5 kw4x0
e00000173	alpha	1760000173000	c1	0.00569528341293335	0	kw1x5 kw1x3 kw1x2 kw1x2 kw1x1
e00000174	alpha	1760000174000	c3	0.02436334267258644	0	kw3x1 kw3x4 kw3x0 kw3x4 kw3x3
e00000175	alpha	1760000175000	c0	0.021288132295012474	0	kw0x3 kw0x5 kw0x1 kw0x0 kw0x1
e00000176	alpha	1760000176000	c5	0.030285244807600975	0	kw5x1 kw5x2 kw5x0 kw5x0 kw5x1
e00000177	alpha	1760000177000	c2	0.0020130157936364412	0	kw2x2 kw2x4 kw2x4 kw2x3 kw2x5
e00000178	alpha	1760000178000	c0	0.038952793926000595	0	kw0x0 kw0x4 kw0x1 kw0x0 kw0x2
e00000179	alpha	1760000179000	c0	0.022693682461977005	0	kw0x3 kw0x0 kw0x2 kw0x0 kw0x0
e00000180	alpha	1760000180000	c0	0.0004572570323944092	1	kw0x5 kw0x1 kw0x1 kw0x5 kw0x2
e00000181	alpha	1760000181000	c4	0.04270068183541298	0	kw4x3 kw4x3 kw4x3 kw4x2 kw4x5
e00000182	alpha	1760000182000	c3	0.01596752367913723	0	kw3x5 kw3x5 kw3x3 kw3x0 kw3x3
e00000183	alpha	1760000183000	c1	0.009610992856323719	0	kw1x3 kw1x4 kw1x1 kw1x4 kw1x0
e00000184	alpha	1760000184000	c0	0.005701598711311817	0	kw0x0 kw0x2 kw0x5 kw0x4 kw0x4
e00000185	alpha	1760000185000	c0	0.045932453125715256	0	kw0x5 kw0x4 kw0x5 kw0x4 kw0x4
e00000186	alpha	1760000186000	c7	0.03622632846236229	0	kw7x5 kw7x5 kw7x1 kw7x1 kw7x4
e00000187	alpha	1760000187000	c6	0.01600644364953041	0	kw6x2 kw6x2 kw6x4 kw6x2 kw6x2
e00000188	alpha	1760000188000	c0	0.0005690425750799477	1	kw0x0 kw0x4 kw0x1 kw0x1 kw0x3
e00000189	alpha	1760000189000	c1	0.008015803061425686	0	kw1x0 kw1x1 kw1x2 kw1x1 kw1x5
e00000190	alpha	1760000190000	c1	0.04286477714776993	0	kw1x5 kw1x0 kw1x5 kw1x0 kw1x2
e00000191	alpha	1760000191000	c3	0.015529066324234009	0	kw3x3 kw3x0 kw3x2 kw3x1 kw3x3
e00000192	alpha	1760000192000	c0	0.045725490897893906	0	kw0x1 kw0x2 kw0x5 kw0x1 kw0x3
e00000193	alpha	1760000193000	c4	0.04413699731230736	0	kw4x3 kw4x4 kw4x5 kw4x2 kw4x1
e00000194	alpha	1760000194000	c3	0.029732434079051018	0	kw3x3 kw3x1 kw3x5 kw3x4 kw3x0
e00000195	alpha	1760000195000	c4	0.04875284060835838	0	kw4x0 kw4x5 kw4x1 kw4x0 kw4x3
e00000196	alpha	1760000196000	c2	0.014800610952079296	1	kw2x5 kw2x0 kw2x0 kw2x5 kw2x4
e00000197	alpha	1760000197000	c1	0.021922055631875992	0	kw1x4 kw1x4 kw1x5 kw1x1 kw1x4
e00000198	alpha	1760000198000	c0	0.019874071702361107	0	kw0x5 kw0x4 kw0x1 kw0x0 kw0x1
e00000199	alpha	1760000199000	c3	0.008819976821541786	0	kw3x1 kw3x4 kw3x2 kw3x5 kw3x0
e00000200	alpha	1760000200000	c0	0.012397313490509987	0	kw0x2 kw0x5 kw0x4 kw0x1 kw0x5
e00000201	alpha	1760000201000	c2	0.00345421745441854	0	kw2x4 kw2x1 kw2x0 kw2x1 kw2x4
e00000202	alpha	1760000202000	c3	0.018735771998763084	0	kw3x5 kw3x2 kw3x5 kw3x4 kw3x1
e00000203	alpha	1760000203000	c5	0.012867400422692299	0	kw5x4 kw5x1 kw5x5 kw5x5 kw5x4
e00000204	alpha	1760000204000	c0	0.034053243696689606	0	kw0x4 kw0x1 kw0x4 kw0x2 kw0x4
e00000205	alpha	1760000205000	c1	0.043129947036504745	0	kw1x0 kw1x3 kw1x2 kw1x3 kw1x0
e00000206	alpha	1760000206000	c3	0.0404793843626976	0	kw3x2 kw3x3 kw3x4 kw3x0 kw3x1
e00000207	alpha	1760000207000	c1	0.049004435539245605	0	kw1x5 kw1x3 kw1x0 kw1x1 kw1x2
e00000208	alpha	1760000208000	c0	0.021473566070199013	1	kw0x1 kw0x1 kw0x0 kw0x3 kw0x3
e00000209	alpha	1760000209000	c0	0.02918293885886669	0	kw0x3 kw0x3 kw0x1 kw0x0 kw0x1
e00000210	alpha	1760000210000	c0	0.020268499851226807	0	kw0x2 kw0x1 kw0x1 kw0x5 kw0x4
e00000211	alpha	1760000211000	c1	0.030935099348425865	0	kw1x2 kw1x0 kw1x3 kw1x2 kw1x2
e00000212	alpha	1760000212000	c4	0.009298053570091724	0	kw4x2 kw4x0 kw4x3 kw4x4 kw4x3
e00000213	alpha	1760000213000	c1	0.031976308673620224	0	kw1x5 kw1x5 kw1x0 kw1x3 kw1x5
e00000214	alpha	1760000214000	c0	0.04602169990539551	0	kw0x3 kw0x0 kw0x1 kw0x0 kw0x1
e00000215	alpha	1760000215000	c0	0.028415784239768982	0	kw0x2 kw0x5 kw0x5 kw0x3 kw0x5
e00000216	alpha	1760000216000	c6	0.03180672600865364	0	kw6x3 kw6x3 kw6x5 kw6x0 kw6x0
e00000217	alpha	1760000217000	c1	0.03210325539112091	0	kw1x0 kw1x4 kw1x2 kw1x2 kw1x1
e00000218	alpha	1760000218000	c1	0.020815491676330566	0	kw1x0 kw1x2 kw1x4 kw1x3 kw1x0
e00000219	alpha	1760000219000	c6	0.01195198018103838	0	kw6x5 kw6x2 kw6x1 kw6x5 kw6x2
e00000220	alpha	1760000220000	c2	0.0008950472110882401	0	kw2x1 kw2x0 kw2x3 kw2x3 kw2x0
e00000221	alpha	1760000221000	c2	0.0020162283908575773	0	kw2x0 kw2x3 kw2x4 kw2x1 kw2x3
e00000222	alpha	1760000222000	c0	0.021710088476538658	0	kw0x5 kw0x0 kw0x3 kw0x3 kw0x1
e00000223	alpha	1760000223000	c0	0.04289129376411438	0	kw0x1 kw0x5 kw0x3 kw0x0 kw0x1
e00000224	alpha	1760000224000	c0	0.01772504486143589	0	kw0x2 kw0x0 kw0x1 kw0x3 kw0x0
e00000225	alpha	1760000225000	c5	0.022362330928444862	1	kw5x0 kw5x3 kw5x2 kw5x2 kw5x2
e00000226	alpha	1760000226000	c0	0.03926614671945572	0	kw0x0 kw0x3 kw0x1 kw0x5 kw0x1
e00000227	alpha	1760000227000	c3	0.02608971670269966	0	kw3x2 kw3x4 kw3x4 kw3x3 kw3x0
e00000228	alpha	1760000228000	c0	0.047793928533792496	0	kw0x5 kw0x1 kw0x5 kw0x0 kw0x5
e00000229	alpha	1760000229000	c0	0.023666609078645706	1	kw0x2 kw0x4 kw0x2 kw0x3 kw0x5
e00000230	alpha	1760000230000	c3	0.0038343281485140324	0	kw3x0 kw3x2 kw3x1 kw3x1 kw3x2
e00000231	alpha	1760000231000	c7	0.04504293575882912	0	kw7x0 kw7x4 kw7x4 kw7x3 kw7x0
e00000232	alpha	1760000232000	c2	0.026702865958213806	0	kw2x4 kw2x4 kw2x1 kw2x3 kw2x2
e00000233	alpha	1760000233000	c0	0.044602375477552414	0	kw0x1 kw0x5 kw0x2 kw0x2 kw0x1
e00000234	alpha	1760000234000	c4	0.02918134070932865	0	kw4x5 kw4x5 kw4x1 kw4x3 kw4x1
e00000235	alpha	1760000235000	c7	0.0198094230145216	0	kw7x5 kw7x5 kw7x1 kw7x3 kw7x4
e00000236	alpha	1760000236000	c0	0.012845078483223915	0	kw0x3 kw0x3 kw0x4 kw0x5 kw0x2
e00000237	alpha	1760000237000	c2	0.028791699558496475	0	kw2x4 kw2x4 kw2x5 kw2x2 kw2x0
e00000238	alpha	1760000238000	c1	0.04014761745929718	0	kw1x5 kw1x3 kw1x5 kw1x4 kw1x4
e00000239	alpha	1760000239000	c3	0.031154407188296318	0	kw3x5 kw3x4 kw3x2 kw3x2 kw3x5
e00000240	alpha	1760000240000	c4	0.032250743359327316	0	kw4x2 kw4x3 kw4x4 kw4x5 kw4x1
e00000241	alpha	1760000241000	c6	0.029545679688453674	1	kw6x0 kw6x3 kw6x4 kw6x3 kw6x0
e00000242	alpha	1760000242000	c0	0.016918709501624107	0	kw0x0 kw0x2 kw0x2 kw0x1 kw0x2
e00000243	alpha	1760000243000	c1	0.009062490426003933	0	kw1x0 kw1x4 kw1x4 kw1x3 kw1x5
e00000244	alpha	1760000244000	c5	0.001873451517894864	0	kw5x3 kw5x4 kw5x5 kw5x3 kw5x0
e00000245	alpha	1760000245000	c0	0.028169257566332817	0	kw0x2 kw0x2 kw0x5 kw0x4 kw0x4
e00000246	alpha	1760000246000	c1	0.035100407898426056	0	kw1x2 kw1x1 kw1x4 kw1x2 kw1x4
e00000247	alpha	1760000247000	c2	0.03505634143948555	0	kw2x4 kw2x2 kw2x5 kw2x1 kw2x1
e00000248	alpha	1760000248000	c7	0.04140789806842804	0	kw7x4 kw7x4 kw7x4 kw7x1 kw7x4
e00000249	alpha	1760000249000	c7	0.005930987186729908	0	kw7x1 kw7x4 kw7x5 kw7x0 kw7x3
e00000250	alpha	1760000250000	c4	0.04778483137488365	0	kw4x1 kw4x1 kw4x1 kw4x3 kw4x4
e00000251	alpha	1760000251000	c1	0.042845845222473145	0	kw1x5 kw1x0 kw1x3 kw1x5 kw1x5
e00000252	alpha	1760000252000	c0	0.034777384251356125	0	kw0x0 kw0x0 kw0x5 kw0x5 kw0x5
e00000253	alpha	1760000253000	c2	0.034644562751054764	0	kw2x0 kw2x1 kw2x2 kw2x0 kw2x2
e00000254	alpha	1760000254000	c3	0.04824722185730934	0	kw3x0 kw3x1 kw3x2 kw3x4 kw3x2
e00000255	alpha	1760000255000	c0	0.01626952551305294	0	kw0x3 kw0x4 kw0x4 kw0x0 kw0x5
e00000256	alpha	1760000256000	c1	0.040280647575855255	0	kw1x0 kw1x4 kw1x2 kw1x1 kw1x0
e00000257	alpha	1760000257000	c0	0.03648603707551956	0	kw0x5 kw0x1 kw0x3 kw0x5 kw0x5
e00000258	alpha	1760000258000	c2	0.04709317162632942	0	kw2x5 kw2x2 kw2x5 kw2x0 kw2x0
e00000259	alpha	1760000259000	c2	0.015216571278870106	0	kw2x5 kw2x5 kw2x2 kw2x2 kw2x1
e00000260	alpha	1760000260000	c0	0.010951155796647072	1	kw0x2 kw0x3 kw0x0 kw0x0 kw0x2
e00000261	alpha	1760000261000	c0	0.0038786919321864843	0	kw0x4 kw0x1 kw0x0 kw0x2 kw0x5
e00000262	alpha	1760000262000	c3	0.03991207480430603	1	kw3x0 kw3x5 kw3x0 kw3x3 kw3x1
e00000263	alpha	1760000263000	c2	0.0037825198378413916	0	kw2x3 kw2x5 kw2x1 kw2x5 kw2x5
e00000264	alpha	1760000264000	c5	0.006841024849563837	0	kw5x4 kw5x2 kw5x0 kw5x5 kw5x3
e00000265	alpha	1760000265000	c1	0.009650024585425854	0	kw1x3 kw1x2 kw1x3 kw1x5 kw1x5
e00000266	alpha	1760000266000	c1	0.015479505062103271	0	kw1x0 kw1x1 kw1x2 kw1x5 kw1x1
e00000267	alpha	1760000267000	c5	0.046639956533908844	0	kw5x3 kw5x0 kw5x4 kw5x0 kw5x0
e00000268	alpha	1760000268000	c0	0.004071533679962158	0	kw0x5 kw0x0 kw0x0 kw0x3 kw0x3
e00000269	alpha	1760000269000	c2	0.022048605605959892	0	kw2x2 kw2x3 kw2x2 kw2x2 kw2x3
e00000270	alpha	1760000270000	c0	0.02495693229138851	0	kw0x3 kw0x2 kw0x0 kw0x4 kw0x2
e00000271	alpha	1760000271000	c1	0.033028166741132736	0	kw1x5 kw1x4 kw1x0 kw1x2 kw1x0
e00000272	alpha	1760000272000	c5	0.017088508233428	0	kw5x5 kw5x3 kw5x5 kw5x1 kw5x4
e00000273	alpha	1760000273000	c5	0.04128866642713547	0	kw5x1 kw5x2 kw5x4 kw5x5 kw5x1
e00000274	alpha	1760000274000	c2	0.042728446424007416	0	kw2x3 kw2x3 kw2x5 kw2x4 kw2x4
e00000275	alpha	1760000275000	c0	0.03153909742832184	0	kw0x0 kw0x3 kw0x2 kw0x0 kw0x4
e00000276	alpha	1760000276000	c0	0.0004090428410563618	0	kw0x3 kw0x3 kw0x2 kw0x3 kw0x2
e00000277	alpha	1760000277000	c7	0.047087233513593674	0	kw7x1 kw7x0 kw7x2 kw7x1 kw7x5
e00000278	alpha	1760000278000	c4	0.04509397968649864	0	kw4x4 kw4x0 kw4x3 kw4x3 kw4x3
e00000279	alpha	1760000279000	c7	0.0378684438765049	0	kw7x3 kw7x0 kw7x3 kw7x2 kw7x2
e00000280	alpha	1760000280000	c0	0.01434352993965149	0	kw0x1 kw0x4 kw0x2 kw0x1 kw0x0
e00000281	alpha	1760000281000	c0	0.024020090699195862	0	kw0x1 kw0x1 kw0x5 kw0x4 kw0x2
e00000282	alpha	1760000282000	c1	0.048890311270952225	0	kw1x3 kw1x1 kw1x3 kw1x0 kw1x5
e00000283	alpha	1760000283000	c5	0.01309610903263092	0	kw5x1 kw5x4 kw5x0 kw5x2 kw5x5
e00000284	alpha	1760000284000	c6	0.021342888474464417	0	kw6x2 kw6x4 kw6x3 kw6x2 kw6x3
e00000285	alpha	1760000285000	c0	0.031374115496873856	0	kw0x3 kw0x4 kw0x3 kw0x1 kw0x2
e00000286	alpha	1760000286000	c2	0.018872711807489395	0	kw2x4 kw2x4 kw2x0 kw2x3 kw2x1
e00000287	alpha	1760000287000	c0	0.04528101533651352	0	kw0x5 kw0x5 kw0x3 kw0x0 kw0x4
e00000288	alpha	1760000288000	c3	0.02563941292464733	0	kw3x1 kw3x2 kw3x3 kw3x2 kw3x2
e00000289	alpha	1760000289000	c0	0.0024249672424048185	0	kw0x0 kw0x0 kw0x5 kw0x2 kw0x0
e00000290	alpha	1760000290000	c6	0.005947336554527283	0	kw6x4 kw6x1 kw6x1 kw6x3 kw6x3
e00000291	alpha	1760000291000	c0	0.038416504859924316	0	kw0x1 kw0x1 kw0x5 kw0x2 kw0x0
e00000292	alpha	1760000292000	c3	0.02022230438888073	0	kw3x5 kw3x1 kw3x2 kw3x1 kw3x2
e00000293	alpha	1760000293000	c5	0.002308931900188327	0	kw5x5 kw5x0 kw5x2 kw5x1 kw5x4
e00000294	alpha	1760000294000	c0	0.015056437812745571	0	kw0x4 kw0x1 kw0x5 kw0x5 kw0x5
e00000295	alpha	1760000295000	c0	0.012789181433618069	0	kw0x1 kw0x1 kw0x0 kw0x0 kw0x1
e00000296	alpha	1760000296000	c0	0.042938269674777985	0	kw0x1 kw0x2 kw0x5 kw0x3 kw0x4
e00000297	alpha	1760000297000	c0	0.038421716541051865	0	kw0x1 kw0x3 kw0x5 kw0x0 kw0x4
e00000298	alpha	1760000298000	c1	0.02638794481754303	0	kw1x3 kw1x5 kw1x4 kw1x5 kw1x3
e00000299	alpha	1760000299000	c0	0.012331533245742321	0	kw0x3 kw0x2 kw0x0 kw0x3 kw0x3
e00000300	alpha	1760000300000	c0	0.013517645187675953	0	kw0x5 kw0x5 kw0x2 kw0x0 kw0x2
e00000301	alpha	1760000301000	c6	0.02494649589061737	0	kw6x4 kw6x0 kw6x3 kw6x5 kw6x0
e00000302	alpha	1760000302000	c1	0.02287318743765354	0	kw1x4 kw1x1 kw1x0 kw1x3 kw1x3
e00000303	alpha	1760000303000	c0	0.03570101037621498	0	kw0x4 kw0x0 kw0x4 kw0x2 kw0x4
e00000304	alpha	1760000304000	c2	0.024780696257948875	0	kw2x5 kw2x1 kw2x1 kw2x4 kw2x2
e00000305	alpha	1760000305000	c1	0.014228674583137035	0	kw1x4 kw1x2 kw1x3 kw1x5 kw1x2
e00000306	alpha	1760000306000	c0	0.031367234885692596	0	kw0x5 kw0x2 kw0x0 kw0x4 kw0x1
e00000307	alpha	1760000307000	c5	0.024790067225694656	1	kw5x1 kw5x1 kw5x0 kw5x1 kw5x0
e00000308	alpha	1760000308000	c0	0.04692939296364784	0	kw0x5 kw0x0 kw0x0 kw0x4 kw0x1
e00000309	alpha	1760000309000	c2	0.0030983479227870703	0	kw2x0 kw2x5 kw2x4 kw2x2 kw2x5
e00000310	alpha	1760000310000	c7	0.042170729488134384	0	kw7x4 kw7x1 kw7x0 kw7x0 kw7x4
e00000311	alpha	1760000311000	c1	0.0015310734743252397	0	kw1x4 kw1x4 kw1x0 kw1x5 kw1x1
e00000312	alpha	1760000312000	c0	0.021494561806321144	0	kw0x2 kw0x3 kw0x0 kw0x4 kw0x4
e00000313	alpha	1760000313000	c5	0.023894647136330605	0	kw5x3 kw5x1 kw5x1 kw5x4 kw5x3
e00000314	alpha	1760000314000	c0	0.03523250296711922	0	kw0x5 kw0x4 kw0x5 kw0x4 kw0x5
e00000315	alpha	1760000315000	c3	0.029145261272788048	0	kw3x2 kw3x3 kw3x3 kw3x5 kw3x5
e00000316	alpha	1760000316000	c2	0.03031209483742714	0	kw2x0 kw2x2 kw2x0 kw2x0 kw2x5
e00000317	alpha	1760000317000	c2	0.0023899467196315527	0	kw2x3 kw2x5 kw2x4 kw2x1 kw2x3
e00000318	alpha	1760000318000	c0	0.025913655757904053	0	kw0x5 kw0x2 kw0x0 kw0x3 kw0x3
e00000319	alpha	1760000319000	c0	0.000031563638913212344	0	kw0x3 kw0x5 kw0x3 kw0x5 kw0x0
e00000320	alpha	1760000320000	c0	0.020779326558113098	1	kw0x0 kw0x2 kw0x1 kw0x4 kw0x2
e00000321	alpha	1760000321000	c2	0.017641400918364525	0	kw2x4 kw2x5 kw2x4 kw2x3 kw2x5
e00000322	alpha	1760000322000	c0	0.039578359574079514	0	kw0x5 kw0x2 kw0x5 kw0x4 kw0x4
e00000323	alpha	1760000323000	c0	0.024766653776168823	0	kw0x0 kw0x5 kw0x3 kw0x4 kw0x5
e00000324	alpha	1760000324000	c1	0.04507678002119064	1	kw1x1 kw1x5 kw1x4 kw1x3 kw1x0
e00000325	alpha	1760000325000	c6	0.006761309690773487	0	kw6x0 kw6x4 kw6x0 kw6x2 kw6x1
e00000326	alpha	1760000326000	c0	0.0410630889236927	0	kw0x4 kw0x5 kw0x5 kw0x5 kw0x1
e00000327	alpha	1760000327000	c6	0.02409481070935726	0	kw6x2 kw6x4 kw6x3 kw6x0 kw6x1
e00000328	alpha	1760000328000	c1	0.01769949309527874	0	kw1x2 kw1x3 kw1x0 kw1x2 kw1x0
e00000329	alpha	1760000329000	c7	0.028821144253015518	0	kw7x5 kw7x0 kw7x5 kw7x0 kw7x2
e00000330	alpha	1760000330000	c0	0.04543472081422806	0	kw0x3 kw0x1 kw0x2 kw0x0 kw0x1
e00000331	alpha	1760000331000	c3	0.01772995851933956	0	kw3x5 kw3x1 kw3x1 kw3x4 kw3x5
e00000332	alpha	1760000332000	c0	0.031515877693891525	0	kw0x4 kw0x1 kw0x3 kw0x5 kw0x3
e00000333	alpha	1760000333000	c0	0.017731506377458572	0	kw0x1 kw0x1 kw0x2 kw0x3 kw0x2
e00000334	alpha	1760000334000	c0	0.04740539938211441	0	kw0x0 kw0x2 kw0x2 kw0x3 kw0x4
e00000335	alpha	1760000335000	c0	0.02331794612109661	0	kw0x5 kw0x3 kw0x4 kw0x3 kw0x2
e00000336	alpha	1760000336000	c0	0.030564317479729652	0	kw0x2 kw0x1 kw0x0 kw0x3 kw0x3
e00000337	alpha	1760000337000	c2	0.022213956341147423	0	kw2x5 kw2x4 kw2x5 kw2x4 kw2x5
e00000338	alpha	1760000338000	c0	0.03489072248339653	0	kw0x5 kw0x5 kw0x4 kw0x5 kw0x3
e00000339	alpha	1760000339000	c0	0.043365638703107834	0	kw0x1 kw0x4 kw0x5 kw0x3 kw0x4
e00000340	alpha	1760000340000	c0	0.04836178943514824	0	kw0x1 kw0x1 kw0x3 kw0x0 kw0x4
e00000341	alpha	1760000341000	c6	0.03485772758722305	0	kw6x2 kw6x0 kw6x1 kw6x4 kw6x3
e00000342	alpha	1760000342000	c0	0.019159967079758644	0	kw0x2 kw0x2 kw0x5 kw0x0 kw0x1
e00000343	alpha	1760000343000	c4	0.00970239657908678	0	kw4x2 kw4x1 kw4x1 kw4x0 kw4x1
e00000344	alpha	1760000344000	c1	0.035814445465803146	0	kw1x1 kw1x0 kw1x4 kw1x3 kw1x0
e00000345	alpha	1760000345000	c0	0.048681583255529404	0	kw0x2 kw0x0 kw0x5 kw0x4 kw0x2
e00000346	alpha	1760000346000	c0	0.0012283027172088623	0	kw0x5 kw0x4 kw0x2 kw0x3 kw0x1
e00000347	alpha	1760000347000	c0	0.037895917892456055	0	kw0x5 kw0x3 kw0x0 kw0x0 kw0x0
e00000348	alpha	1760000348000	c4	0.007460764143615961	0	kw4x1 kw4x4 kw4x1 kw4x2 kw4x2
e00000349	alpha	1760000349000	c1	0.01904977671802044	0	kw1x2 kw1x4 kw1x4 kw1x3 kw1x3
e00000350	alpha	1760000350000	c4	0.020530996844172478	0	kw4x1 kw4x4 kw4x4 kw4x1 kw4x5
e00000351	alpha	1760000351000	c0	0.03092830255627632	0	kw0x2 kw0x0 kw0x3 kw0x0 kw0x1
e00000352	alpha	1760000352000	c3	0.04430913180112839	0	kw3x2 kw3x1 kw3x2 kw3x4 kw3x4
e00000353	alpha	1760000353000	c1	0.04600312560796738	0	kw1x4 kw1x5 kw1x4 kw1x5 kw1x1
e00000354	alpha	1760000354000	c7	0.034611038863658905	0	kw7x2 kw7x5 kw7x2 kw7x0 kw7x2
e00000355	alpha	1760000355000	c1	0.00929159577935934	0	kw1x5 kw1x3 kw1x5 kw1x2 kw1x3
e00000356	alpha	1760000356000	c1	0.02629995346069336	0	kw1x0 kw1x1 kw1x2 kw1x2 kw1x0
e00000357	alpha	1760000357000	c4	0.031531743705272675	0	kw4x4 kw4x4 kw4x0 kw4x2 kw4x4
e00000358	alpha	1760000358000	c4	0.025199169293045998	0	kw4x1 kw4x5 kw4x0 kw4x1 kw4x3
e00000359	alpha	1760000359000	c1	0.0327458530664444	0	kw1x5 kw1x3 kw1x3 kw1x4 kw1x0
e00000360	alpha	1760000360000	c7	0.02047840692102909	0	kw7x5 kw7x4 kw7x3 kw7x3 kw7x0
e00000361	alpha	1760000361000	c1	0.04056317359209061	0	kw1x4 kw1x1 kw1x4 kw1x0 kw1x3
e00000362	alpha	1760000362000	c2	0.033915769308805466	0	kw2x2 kw2x5 kw2x4 kw2x2 kw2x5
e00000363	alpha	1760000363000	c0	0.037569936364889145	0	kw0x5 kw0x2 kw0x4 kw0x2 kw0x1
e00000364	alpha	1760000364000	c2	0.01840968430042267	0	kw2x2 kw2x5 kw2x4 kw2x4 kw2x4
e00000365	alpha	1760000365000	c5	0.035718731582164764	1	kw5x1 kw5x1 kw5x4 kw5x5 kw5x1
e00000366	alpha	1760000366000	c0	0.027220135554671288	0	kw0x2 kw0x5 kw0x4 kw0x2 kw0x5
e00000367	alpha	1760000367000	c6	0.0486774705350399	0	kw6x4 kw6x5 kw6x1 kw6x5 kw6x4
e00000368	alpha	1760000368000	c0	0.031168704852461815	0	kw0x1 kw0x3 kw0x2 kw0x0 kw0x1
e00000369	alpha	1760000369000	c2	0.03561795502901077	0	kw2x4 kw2x1 kw2x0 kw2x1 kw2x0
e00000370	alpha	1760000370000	c0	0.04520420730113983	0	kw0x5 kw0x5 kw0x5 kw0x3 kw0x4
e00000371	alpha	1760000371000	c0	0.044974349439144135	0	kw0x3 kw0x1 kw0x2 kw0x0 kw0x5
e00000372	alpha	1760000372000	c1	0.04382280632853508	0	kw1x1 kw1x4 kw1x0 kw1x3 kw1x1
e00000373	alpha	1760000373000	c0	0.04369412735104561	0	kw0x2 kw0x0 kw0x2 kw0x1 kw0x0
e00000374	alpha	1760000374000	c0	0.003563821315765381	0	kw0x2 kw0x0 kw0x2 kw0x0 kw0x1
e00000375	alpha	1760000375000	c5	0.032708894461393356	0	kw5x0 kw5x3 kw5x2 kw5x1 kw5x2
e00000376	alpha	1760000376000	c0	0.037687383592128754	0	kw0x5 kw0x1 kw0x1 kw0x0 kw0x1
e00000377	alpha	1760000377000	c1	0.015278035774827003	0	kw1x2 kw1x3 kw1x0 kw1x3 kw1x0
e00000378	alpha	1760000378000	c2	0.016692763194441795	0	kw2x5 kw2x2 kw2x4 kw2x4 kw2x2
e00000379	alpha	1760000379000	c0	0.0330793671309948	0	kw0x3 kw0x0 kw0x1 kw0x5 kw0x0
e00000380	alpha	1760000380000	c1	0.0027925402391701937	0	kw1x1 kw1x0 kw1x0 kw1x2 kw1x3
e00000381	alpha	1760000381000	c2	0.021295098587870598	1	kw2x5 kw2x5 kw2x4 kw2x3 kw2x3
e00000382	alpha	1760000382000	c0	0.04156080260872841	0	kw0x1 kw0x0 kw0x0 kw0x5 kw0x1
e00000383	alpha	1760000383000	c0	0.03167330473661423	1	kw0x4 kw0x4 kw0x1 kw0x0 kw0x2
e00000384	alpha	1760000384000	c1	0.038663413375616074	0	kw1x5 kw1x5 kw1x0 kw1x3 kw1x0
e00000385	alpha	1760000385000	c4	0.0049693407490849495	1	kw4x4 kw4x0 kw4x5 kw4x0 kw4x4
e00000386	alpha	1760000386000	c0	0.03209519386291504	0	kw0x0 kw0x2 kw0x5 kw0x5 kw0x0
e00000387	alpha	1760000387000	c1	0.042023491114377975	1	kw1x4 kw1x1 kw1x4 kw1x5 kw1x3
e00000388	alpha	1760000388000	c3	0.017563840374350548	0	kw3x0 kw3x4 kw3x4 kw3x4 kw3x2
e00000389	alpha	1760000389000	c0	0.039785053580999374	0	kw0x5 kw0x4 kw0x1 kw0x0 kw0x4
e00000390	alpha	1760000390000	c0	0.043047815561294556	0	kw0x4 kw0x0 kw0x3 kw0x3 kw0x4
e00000391	alpha	1760000391000	c3	0.028702745214104652	0	kw3x2 kw3x0 kw3x3 kw3x4 kw3x0
e00000392	alpha	1760000392000	c0	0.01940758526325226	0	kw0x2 kw0x3 kw0x0 kw0x0 kw0x4
e00000393	alpha	1760000393000	c6	0.04508281871676445	0	kw6x4 kw6x5 kw6x0 kw6x4 kw6x5
e00000394	alpha	1760000394000	c7	0.028476038947701454	0	kw7x4 kw7x1 kw7x0 kw7x5 kw7x2
e00000395	alpha	1760000395000	c0	0.042166054248809814	0	kw0x5 kw0x5 kw0x2 kw0x4 kw0x0
e00000396	alpha	1760000396000	c7	0.003510511014610529	0	kw7x0 kw7x4 kw7x2 kw7x1 kw7x5
e00000397	alpha	1760000397000	c6	0.015554237179458141	0	kw6x3 kw6x0 kw6x5 kw6x5 kw6x1
e00000398	alpha	1760000398000	c1	0.0453733466565609	0	kw1x5 kw1x2 kw1x1 kw1x0 kw1x4
e00000399	alpha	1760000399000	c5	0.02793797291815281	1	kw5x3 kw5x5 kw5x1 kw5x1 kw5x5
e00000400	alpha	1760000400000	c4	0.02128545381128788	0	kw4x5 kw4x5 kw4x4 kw4x5 kw4x4
e00000401	alpha	1760000401000	c4	0.03647826611995697	0	kw4x1 kw4x0 kw4x2 kw4x2 kw4x1
e00000402	alpha	1760000402000	c0	0.013203985057771206	0	kw0x5 kw0x3 kw0x5 kw0x0 kw0x3
e00000403	alpha	1760000403000	c1	0.038562748581171036	0	kw1x4 kw1x4 kw1x1 kw1x5 kw1x4
e00000404	alpha	1760000404000	c1	0.0434858612716198	0	kw1x2 kw1x1 kw1x2 kw1x5 kw1x3
e00000405	alpha	1760000405000	c7	0.04601428657770157	0	kw7x5 kw7x0 kw7x5 kw7x2 kw7x0
e00000406	alpha	1760000406000	c6	0.03273582458496094	0	kw6x3 kw6x5 kw6x4 kw6x5 kw6x0
e00000407	alpha	1760000407000	c2	0.04258032515645027	0	kw2x5 kw2x4 kw2x2 kw2x0 kw2x3
e00000408	alpha	1760000408000	c0	0.014137971214950085	0	kw0x0 kw0x3 kw0x0 kw0x4 kw0x5
e00000409	alpha	1760000409000	c0	0.030594846233725548	1	kw0x1 kw0x5 kw0x4 kw0x2 kw0x5
e00000410	alpha	1760000410000	c1	0.008576157502830029	0	kw1x5 kw1x4 kw1x1 kw1x1 kw1x2
e00000411	alpha	1760000411000	c6	0.02614651434123516	0	kw6x2 kw6x1 kw6x1 kw6x2 kw6x4
e00000412	alpha	1760000412000	c1	0.01954377070069313	0	kw1x4 kw1x3 kw1x4 kw1x5 kw1x3
e00000413	alpha	1760000413000	c3	0.04706249386072159	0	kw3x4 kw3x1 kw3x3 kw3x2 kw3x3
e00000414	alpha	1760000414000	c1	0.013093248009681702	0	kw1x1 kw1x0 kw1x4 kw1x1 kw1x2
e00000415	alpha	1760000415000	c1	0.028255650773644447	1	kw1x2 kw1x4 kw1x5 kw1x4 kw1x4
e00000416	alpha	1760000416000	c1	0.01259031891822815	0	kw1x2 kw1x3 kw1x0 kw1x3 kw1x0
e00000417	alpha	1760000417000	c1	0.01280096173286438	0	kw1x1 kw1x1 kw1x0 kw1x2 kw1x0
e00000418	alpha	1760000418000	c0	0.011990663595497608	0	kw0x3 kw0x3 kw0x1 kw0x5 kw0x5
e00000419	alpha	1760000419000	c0	0.017685627564787865	0	kw0x5 kw0x0 kw0x2 kw0x5 kw0x0
e00000420	alpha	1760000420000	c4	0.04065794497728348	1	kw4x3 kw4x4 kw4x3 kw4x5 kw4x1
e00000421	alpha	1760000421000	c0	0.0068883090279996395	0	kw0x2 kw0x5 kw0x2 kw0x5 kw0x5
e00000422	alpha	1760000422000	c5	0.04552045091986656	0	kw5x3 kw5x1 kw5x0 kw5x0 kw5x0
e00000423	alpha	1760000423000	c1	0.036516766995191574	0	kw1x1 kw1x5 kw1x5 kw1x4 kw1x3
e00000424	alpha	1760000424000	c0	0.00790491420775652	0	kw0x5 kw0x5 kw0x4 kw0x0 kw0x4
e00000425	alpha	1760000425000	c1	0.036670029163360596	0	kw1x5 kw1x5 kw1x0 kw1x0 kw1x4
e00000426	alpha	1760000426000	c0	0.0024116665590554476	0	kw0x4 kw0x3 kw0x4 kw0x4 kw0x3
e00000427	alpha	1760000427000	c1	0.04793867468833923	0	kw1x2 kw1x2 kw1x2 kw1x4 kw1x2
e00000428	alpha	1760000428000	c5	0.033113833516836166	0	kw5x5 kw5x5 kw5x0 kw5x1 kw5x3
e00000429	alpha	1760000429000	c0	0.02138199284672737	0	kw0x5 kw0x1 kw0x1 kw0x1 kw0x4
e00000430	alpha	1760000430000	c6	0.031276166439056396	0	kw6x4 kw6x5 kw6x5 kw6x1 kw6x4
e00000431	alpha	1760000431000	c3	0.026631757616996765	0	kw3x0 kw3x3 kw3x3 kw3x2 kw3x5
e00000432	alpha	1760000432000	c0	0.02041921578347683	0	kw0x4 kw0x2 kw0x3 kw0x0 kw0x5
e00000433	alpha	1760000433000	c0	0.004730707500129938	0	kw0x5 kw0x5 kw0x1 kw0x5 kw0x1
e00000434	alpha	1760000434000	c0	0.0006572515121661127	0	kw0x4 kw0x5 kw0x0 kw0x1 kw0x3
e00000435	alpha	1760000435000	c2	0.04796642065048218	0	kw2x2 kw2x2 kw2x0 kw2x2 kw2x5
e00000436	alpha	1760000436000	c0	0.0002711862325668335	1	kw0x3 kw0x0 kw0x1 kw0x5 kw0x1
e00000437	alpha	1760000437000	c1	0.03547287359833717	0	kw1x4 kw1x1 kw1x5 kw1x0 kw1x3
e00000438	alpha	1760000438000	c0	0.02387114427983761	0	kw0x0 kw0x0 kw0x4 kw0x4 kw0x1
e00000439	alpha	1760000439000	c0	0.024602193385362625	1	kw0x2 kw0x4 kw0x1 kw0x3 kw0x2
e00000440	alpha	1760000440000	c3	0.032990340143442154	0	kw3x4 kw3x5 kw3x1 kw3x5 kw3x2
e00000441	alpha	1760000441000	c1	0.010185382328927517	0	kw1x3 kw1x0 kw1x3 kw1x4 kw1x5
e00000442	alpha	1760000442000	c0	0.029219675809144974	0	kw0x1 kw0x4 kw0x0 kw0x0 kw0x0
e00000443	alpha	1760000443000	c0	0.03671158477663994	0	kw0x4 kw0x1 kw0x0 kw0x5 kw0x0
e00000444	alpha	1760000444000	c1	0.04174618050456047	0	kw1x4 kw1x4 kw1x4 kw1x1 kw1x3
e00000445	alpha	1760000445000	c4	0.015036634169518948	1	kw4x3 kw4x3 kw4x1 kw4x2 kw4x3
e00000446	alpha	1760000446000	c7	0.012073355726897717	0	kw7x0 kw7x5 kw7x3 kw7x2 kw7x0
e00000447	alpha	1760000447000	c1	0.008629262447357178	0	kw1x1 kw1x5 kw1x2 kw1x3 kw1x5
e00000448	alpha	1760000448000	c4	0.007982322946190834	0	kw4x5 kw4x4 kw4x4 kw4x5 kw4x2
e00000449	alpha	1760000449000	c1	0.010018727742135525	0	kw1x0 kw1x1 kw1x3 kw1x0 kw1x1
e00000450	alpha	1760000450000	c1	0.007284626364707947	0	kw1x5 kw1x4 kw1x0 kw1x4 kw1x5
e00000451	alpha	1760000451000	c0	0.03949220851063728	0	kw0x2 kw0x1 kw0x5 kw0x0 kw0x2
e00000452	alpha	1760000452000	c1	0.041031479835510254	0	kw1x1 kw1x0 kw1x0 kw1x3 kw1x3
e00000453	alpha	1760000453000	c2	0.04291731119155884	0	kw2x3 kw2x2 kw2x5 kw2x2 kw2x2
e00000454	alpha	1760000454000	c6	0.04061778634786606	0	kw6x2 kw6x1 kw6x5 kw6x0 kw6x1
e00000455	alpha	1760000455000	c3	0.0366535447537899	0	kw3x4 kw3x4 kw3x3 kw3x5 kw3x1
e00000456	alpha	1760000456000	c6	0.013149014674127102	0	kw6x3 kw6x5 kw6x5 kw6x2 kw6x3
e00000457	alpha	1760000457000	c5	0.018117282539606094	0	kw5x0 kw5x2 kw5x5 kw5x1 kw5x0
e00000458	alpha	1760000458000	c0	0.0008206635829992592	0	kw0x3 kw0x5 kw0x2 kw0x3 kw0x4
e00000459	alpha	1760000459000	c0	0.028377389535307884	0	kw0x3 kw0x4 kw0x3 kw0x4 kw0x5
e00000460	alpha	1760000460000	c7	0.029510391876101494	0	kw7x2 kw7x0 kw7x2 kw7x4 kw7x2
e00000461	alpha	1760000461000	c5	0.014298373833298683	0	kw5x5 kw5x1 kw5x5 kw5x0 kw5x5
e00000462	alpha	1760000462000	c1	0.036577947437763214	0	kw1x0 kw1x1 kw1x5 kw1x3 kw1x3
e00000463	alpha	1760000463000	c1	0.01393737830221653	0	kw1x1 kw1x4 kw1x4 kw1x5 kw1x0
e00000464	alpha	1760000464000	c1	0.045226674526929855	0	kw1x1 kw1x1 kw1x3 kw1x4 kw1x1
e00000465	alpha	1760000465000	c2	0.0038521706592291594	0	kw2x0 kw2x1 kw2x4 kw2x4 kw2x5
e00000466	alpha	1760000466000	c4	0.04478735849261284	1	kw4x2 kw4x2 kw4x2 kw4x5 kw4x1
e00000467	alpha	1760000467000	c0	0.026587072759866714	0	kw0x4 kw0x0 kw0x0 kw0x4 kw0x2
e00000468	alpha	1760000468000	c1	0.030768845230340958	0	kw1x1 kw1x3 kw1x1 kw1x4 kw1x5
e00000469	alpha	1760000469000	c1	0.015576282516121864	0	kw1x3 kw1x4 kw1x1 kw1x5 kw1x5
e00000470	alpha	1760000470000	c4	0.02449149265885353	0	kw4x2 kw4x2 kw4x4 kw4x2 kw4x5
e00000471	alpha	1760000471000	c2	0.04077773913741112	0	kw2x2 kw2x2 kw2x4 kw2x0 kw2x4
e00000472	alpha	1760000472000	c3	0.04150896146893501	1	kw3x1 kw3x5 kw3x4 kw3x3 kw3x0
e00000473	alpha	1760000473000	c6	0.01800360158085823	0	kw6x1 kw6x5 kw6x1 kw6x1 kw6x0
e00000474	alpha	1760000474000	c6	0.04528583213686943	0	kw6x4 kw6x3 kw6x1 kw6x0 kw6x0
e00000475	alpha	1760000475000	c3	0.040126364678144455	0	kw3x5 kw3x5 kw3x1 kw3x0 kw3x5
e00000476	alpha	1760000476000	c0	0.03938392549753189	0	kw0x3 kw0x0 kw0x1 kw0x1 kw0x3
e00000477	alpha	1760000477000	c0	0.039115145802497864	0	kw0x5 kw0x2 kw0x2 kw0x2 kw0x2
e00000478	alpha	1760000478000	c3	0.012708380818367004	0	kw3x1 kw3x1 kw3x0 kw3x0 kw3x2
e00000479	alpha	1760000479000	c3	0.024915141984820366	0	kw3x2 kw3x2 kw3x3 kw3x5 kw3x5
e00000480	alpha	1760000480000	c5	0.02441832795739174	0	kw5x0 kw5x3 kw5x4 kw5x0 kw5x2
e00000481	alpha	1760000481000	c5	0.03178127482533455	0	kw5x1 kw5x3 kw5x5 kw5x4 kw5x2
e00000482	alpha	1760000482000	c6	0.031960900872945786	0	kw6x3 kw6x1 kw6x4 kw6x3 kw6x5
e00000483	alpha	1760000483000	c1	0.03117532841861248	0	kw1x2 kw1x2 kw1x0 kw1x0 kw1x2
e00000484	alpha	1760000484000	c0	0.03112027421593666	0	kw0x5 kw0x2 kw0x3 kw0x0 kw0x4
e00000485	alpha	1760000485000	c2	0.04385208711028099	0	kw2x5 kw2x0 kw2x0 kw2x0 kw2x5
e00000486	alpha	1760000486000	c4	0.042115069925785065	0	kw4x2 kw4x5 kw4x5 kw4x0 kw4x4
e00000487	alpha	1760000487000	c3	0.02751252055168152	1	kw3x3 kw3x2 kw3x1 kw3x5 kw3x5
e00000488	alpha	1760000488000	c5	0.007947034202516079	0	kw5x1 kw5x2 kw5x5 kw5x4 kw5x1
e00000489	alpha	1760000489000	c0	0.03294309973716736	0	kw0x0 kw0x2 kw0x2 kw0x4 kw0x1
e00000490	alpha	1760000490000	c0	0.0034329176414757967	0	kw0x5 kw0x4 kw0x3 kw0x1 kw0x2
e00000491	alpha	1760000491000	c0	0.038795776665210724	0	kw0x1 kw0x0 kw0x3 kw0x1 kw0x1
e00000492	alpha	1760000492000	c3	0.049622487276792526	1	kw3x0 kw3x2 kw3x3 kw3x5 kw3x5
e00000493	alpha	1760000493000	c0	0.018010998144745827	1	kw0x2 kw0x5 kw0x0 kw0x3 kw0x0
e00000494	alpha	1760000494000	c7	0.0008959561819210649	0	kw7x1 kw7x3 kw7x1 kw7x1 kw7x3
e00000495	alpha	1760000495000	c0	0.04222489520907402	0	kw0x2 kw0x5 kw0x2 kw0x3 kw0x3
e00000496	alpha	1760000496000	c1	0.030030006542801857	0	kw1x4 kw1x3 kw1x2 kw1x1 kw1x3
e00000497	alpha	1760000497000	c1	0.010265201330184937	0	kw1x3 kw1x4 kw1x2 kw1x2 kw1x4
e00000498	alpha	1760000498000	c0	0.017000192776322365	0	kw0x0 kw0x1 kw0x0 kw0x3 kw0x5
e00000499	alpha	1760000499000	c0	0.032607339322566986	0	kw0x0 kw0x3 kw0x2 kw0x3 kw0x3
e00000500	alpha	1760000500000	c0	0.028229186311364174	1	kw0x1 kw0x5 kw0x0 kw0x0 kw0x2
e00000501	alpha	1760000501000	c0	0.015893468633294106	0	kw0x0 kw0x3 kw0x3 kw0x1 kw0x2
e00000502	alpha	1760000502000	c0	0.020338991656899452	0	kw0x4 kw0x4 kw0x3 kw0x5 kw0x1
e00000503	alpha	1760000503000	c0	0.01859447918832302	0	kw0x4 kw0x0 kw0x5 kw0x5 kw0x0
e00000504	alpha	1760000504000	c0	0.03746592253446579	0	kw0x1 kw0x1 kw0x2 kw0x3 kw0x1
e00000505	alpha	1760000505000	c1	0.04062766954302788	0	kw1x1 kw1x0 kw1x2 kw1x2 kw1x0
e00000506	alpha	1760000506000	c3	0.015544605441391468	0	kw3x0 kw3x1 kw3x2 kw3x2 kw3x1
e00000507	alpha	1760000507000	c1	0.03211164101958275	0	kw1x2 kw1x3 kw1x0 kw1x4 kw1x3
e00000508	alpha	1760000508000	c0	0.021138185635209084	0	kw0x3 kw0x1 kw0x3 kw0x1 kw0x0
e00000509	alpha	1760000509000	c2	0.028790554031729698	0	kw2x4 kw2x1 kw2x0 kw2x0 kw2x5
e00000510	alpha	1760000510000	c2	0.047168098390102386	0	kw2x2 kw2x0 kw2x2 kw2x3 kw2x0
e00000511	alpha	1760000511000	c3	0.014441701583564281	0	kw3x5 kw3x3 kw3x3 kw3x3 kw3x0
e00000512	alpha	1760000512000	c2	0.03358371555805206	0	kw2x5 kw2x5 kw2x4 kw2x2 kw2x4
e00000513	alpha	1760000513000	c0	0.03949492797255516	0	kw0x4 kw0x1 kw0x0 kw0x5 kw0x5
e00000514	alpha	1760000514000	c5	0.011567899957299232	0	kw5x1 kw5x5 kw5x0 kw5x5 kw5x1
e00000515	alpha	1760000515000	c4	0.008277538232505322	0	kw4x4 kw4x3 kw4x5 kw4x1 kw4x5
e00000516	alpha	1760000516000	c4	0.003740742802619934	0	kw4x5 kw4x1 kw4x1 kw4x5 kw4x1
e00000517	alpha	1760000517000	c0	0.000277403014479205	0	kw0x1 kw0x3 kw0x0 kw0x4 kw0x1
e00000518	alpha	1760000518000	c0	0.03967071324586868	0	kw0x0 kw0x2 kw0x1 kw0x4 kw0x3
e00000519	alpha	1760000519000	c6	0.016211191192269325	0	kw6x0 kw6x4 kw6x1 kw6x0 kw6x1
e00000520	alpha	1760000520000	c0	0.03962046280503273	0	kw0x3 kw0x5 kw0x2 kw0x5 kw0x5
e00000521	alpha	1760000521000	c0	0.036280348896980286	0	kw0x2 kw0x3 kw0x1 kw0x3 kw0x5
e00000522	alpha	1760000522000	c0	0.034354086965322495	0	kw0x1 kw0x2 kw0x5 kw0x0 kw0x3
e00000523	alpha	1760000523000	c4	0.038997914642095566	0	kw4x0 kw4x4 kw4x2 kw4x0 kw4x2
e00000524	alpha	1760000524000	c0	0.016262782737612724	1	kw0x3 kw0x3 kw0x5 kw0x4 kw0x4
e00000525	alpha	1760000525000	c3	0.03771544620394707	0	kw3x0 kw3x0 kw3x0 kw3x0 kw3x0
e00000526	alpha	1760000526000	c0	0.03874698653817177	0	kw0x0 kw0x4 kw0x0 kw0x2 kw0x4
e00000527	alpha	1760000527000	c0	0.028165249153971672	0	kw0x4 kw0x1 kw0x2 kw0x4 kw0x5
e00000528	alpha	1760000528000	c0	0.033604588359594345	0	kw0x3 kw0x0 kw0x0 kw0x4 kw0x5
e00000529	alpha	1760000529000	c3	0.036093082278966904	0	kw3x0 kw3x5 kw3x5 kw3x2 kw3x2
e00000530	alpha	1760000530000	c2	0.042995210736989975	0	kw2x0 kw2x4 kw2x1 kw2x5 kw2x1
e00000531	alpha	1760000531000	c3	0.03905852138996124	0	kw3x3 kw3x0 kw3x4 kw3x0 kw3x0
e00000532	alpha	1760000532000	c0	0.03247223421931267	0	kw0x2 kw0x5 kw0x5 kw0x3 kw0x2
e00000533	alpha	1760000533000	c2	0.019006449729204178	0	kw2x1 kw2x1 kw2x3 kw2x5 kw2x2
e00000534	alpha	1760000534000	c1	0.010312444530427456	0	kw1x1 kw1x5 kw1x4 kw1x4 kw1x4
e00000535	alpha	1760000535000	c1	0.025157451629638672	1	kw1x0 kw1x0 kw1x5 kw1x1 kw1x1
e00000536	alpha	1760000536000	c1	0.012708544731140137	0	kw1x4 kw1x0 kw1x2 kw1x3 kw1x3
e00000537	alpha	1760000537000	c4	0.017429962754249573	0	kw4x4 kw4x0 kw4x5 kw4x4 kw4x4
e00000538	alpha	1760000538000	c2	0.0036877989768981934	0	kw2x5 kw2x3 kw2x2 kw2x3 kw2x4
e00000539	alpha	1760000539000	c2	0.046999067068099976	0	kw2x1 kw2x2 kw2x2 kw2x0 kw2x0
e00000540	alpha	1760000540000	c6	0.006117412354797125	0	kw6x2 kw6x2 kw6x0 kw6x3 kw6x1
e00000541	alpha	1760000541000	c0	0.0007961213705129921	0	kw0x0 kw0x3 kw0x5 kw0x1 kw0x4
e00000542	alpha	1760000542000	c3	0.01495456974953413	0	kw3x0 kw3x0 kw3x4 kw3x0 kw3x2
e00000543	alpha	1760000543000	c2	0.00183810293674469	0	kw2x5 kw2x4 kw2x4 kw2x0 kw2x3
e00000544	alpha	1760000544000	c0	0.022550329566001892	0	kw0x0 kw0x0 kw0x4 kw0x4 kw0x5
e00000545	alpha	1760000545000	c0	0.046550504863262177	0	kw0x2 kw0x2 kw0x2 kw0x0 kw0x5
e00000546	alpha	1760000546000	c0	0.014661130495369434	0	kw0x4 kw0x5 kw0x5 kw0x3 kw0x2
e00000547	alpha	1760000547000	c0	0.037293896079063416	0	kw0x4 kw0x3 kw0x3 kw0x4 kw0x2
e00000548	alpha	1760000548000	c2	0.03562813252210617	0	kw2x5 kw2x4 kw2x1 kw2x2 kw2x3
e00000549	alpha	1760000549000	c0	0.01746213808655739	0	kw0x3 kw0x2 kw0x5 kw0x2 kw0x0
e00000550	alpha	1760000550000	c0	0.009631228633224964	1	kw0x5 kw0x3 kw0x3 kw0x2 kw0x4
e00000551	alpha	1760000551000	c0	0.037014249712228775	0	kw0x5 kw0x2 kw0x3 kw0x5 kw0x1
e00000552	alpha	1760000552000	c6	0.006501373834908009	0	kw6x4 kw6x5 kw6x2 kw6x5 kw6x4
e00000553	alpha	1760000553000	c1	0.03125476464629173	0	kw1x1 kw1x1 kw1x2 kw1x5 kw1x2
e00000554	alpha	1760000554000	c0	0.041825857013463974	1	kw0x3 kw0x0 kw0x2 kw0x2 kw0x5
e00000555	alpha	1760000555000	c0	0.021267680451273918	0	kw0x1 kw0x3 kw0x0 kw0x2 kw0x5
e00000556	alpha	1760000556000	c0	0.014859122224152088	0	kw0x4 kw0x1 kw0x2 kw0x4 kw0x1
e00000557	alpha	1760000557000	c3	0.03420539200305939	0	kw3x2 kw3x0 kw3x3 kw3x5 kw3x3
e00000558	alpha	1760000558000	c2	0.015708232298493385	0	kw2x3 kw2x4 kw2x0 kw2x0 kw2x3
e00000559	alpha	1760000559000	c0	0.012577745132148266	0	kw0x1 kw0x5 kw0x3 kw0x1 kw0x0
e00000560	alpha	1760000560000	c1	0.016616730019450188	0	kw1x4 kw1x0 kw1x5 kw1x1 kw1x5
e00000561	alpha	1760000561000	c1	0.002482938813045621	1	kw1x2 kw1x5 kw1x1 kw1x5 kw1x3
e00000562	alpha	1760000562000	c2	0.02122720144689083	0	kw2x3 kw2x4 kw2x3 kw2x1 kw2x0
e00000563	alpha	1760000563000	c1	0.019517535343766212	0	kw1x2 kw1x2 kw1x2 kw1x3 kw1x3
e00000564	alpha	1760000564000	c2	0.030660957098007202	1	kw2x5 kw2x5 kw2x2 kw2x2 kw2x4
e00000565	alpha	1760000565000	c1	0.01921549253165722	0	kw1x1 kw1x2 kw1x4 kw1x1 kw1x5
e00000566	alpha	1760000566000	c5	0.02472546510398388	0	kw5x4 kw5x5 kw5x5 kw5x1 kw5x2
e00000567	alpha	1760000567000	c6	0.018538763746619225	0	kw6x4 kw6x0 kw6x2 kw6x4 kw6x0
e00000568	alpha	1760000568000	c2	0.038014914840459824	1	kw2x0 kw2x5 kw2x0 kw2x1 kw2x4
e00000569	alpha	1760000569000	c4	0.04943842813372612	0	kw4x4 kw4x5 kw4x0 kw4x3 kw4x2
e00000570	alpha	1760000570000	c2	0.009873014874756336	0	kw2x0 kw2x2 kw2x2 kw2x0 kw2x5
e00000571	alpha	1760000571000	c6	0.007936707697808743	0	kw6x2 kw6x3 kw6x5 kw6x0 kw6x2
e00000572	alpha	1760000572000	c0	0.012531829066574574	0	kw0x5 kw0x3 kw0x0 kw0x3 kw0x5
e00000573	alpha	1760000573000	c0	0.007011571433395147	0	kw0x4 kw0x2 kw0x0 kw0x2 kw0x5
e00000574	alpha	1760000574000	c2	0.020124873146414757	0	kw2x3 kw2x1 kw2x4 kw2x3 kw2x4
e00000575	alpha	1760000575000	c0	0.013917163014411926	0	kw0x2 kw0x4 kw0x4 kw0x4 kw0x2
e00000576	alpha	1760000576000	c1	0.003924194257706404	0	kw1x3 kw1x0 kw1x2 kw1x5 kw1x2
e00000577	alpha	1760000577000	c1	0.03827989846467972	0	kw1x5 kw1x1 kw1x4 kw1x1 kw1x2
e00000578	alpha	1760000578000	c0	0.021206924691796303	0	kw0x2 kw0x0 kw0x1 kw0x3 kw0x4
e00000579	alpha	1760000579000	c0	0.045491404831409454	0	kw0x4 kw0x5 kw0x1 kw0x4 kw0x1
e00000580	alpha	1760000580000	c0	0.011651999317109585	0	kw0x0 kw0x5 kw0x4 kw0x5 kw0x0
e00000581	alpha	1760000581000	c3	0.04757365584373474	0	kw3x4 kw3x5 kw3x5 kw3x5 kw3x4
e00000582	alpha	1760000582000	c0	0.045832835137844086	0	kw0x5 kw0x3 kw0x1 kw0x4 kw0x2
e00000583	alpha	1760000583000	c0	0.025202706456184387	0	kw0x2 kw0x3 kw0x5 kw0x4 kw0x5
e00000584	alpha	1760000584000	c0	0.007322737481445074	0	kw0x5 kw0x5 kw0x4 kw0x3 kw0x0
e00000585	alpha	1760000585000	c4	0.04425054043531418	1	kw4x0 kw4x5 kw4x0 kw4x0 kw4x5
e00000586	alpha	1760000586000	c2	0.022482464089989662	0	kw2x0 kw2x5 kw2x5 kw2x3 kw2x0
e00000587	alpha	1760000587000	c5	0.013000371865928173	0	kw5x2 kw5x4 kw5x2 kw5x5 kw5x3
e00000588	alpha	1760000588000	c2	0.04243966564536095	0	kw2x1 kw2x5 kw2x5 kw2x4 kw2x1
e00000589	alpha	1760000589000	c3	0.023603422567248344	0	kw3x0 kw3x0 kw3x2 kw3x1 kw3x0
e00000590	alpha	1760000590000	c0	0.019886670634150505	1	kw0x3 kw0x4 kw0x0 kw0x3 kw0x1
e00000591	alpha	1760000591000	c0	0.04452066868543625	0	kw0x0 kw0x5 kw0x3 kw0x3 kw0x2
e00000592	alpha	1760000592000	c1	0.022516408935189247	0	kw1x3 kw1x2 kw1x0 kw1x1 kw1x5
e00000593	alpha	1760000593000	c0	0.024564767256379128	0	kw0x4 kw0x2 kw0x0 kw0x4 kw0x3
e00000594	alpha	1760000594000	c3	0.023763110861182213	0	kw3x1 kw3x2 kw3x4 kw3x4 kw3x0
e00000595	alpha	1760000595000	c3	0.0170686487108469	0	kw3x3 kw3x5 kw3x2 kw3x0 kw3x3
e00000596	alpha	1760000596000	c4	0.0387980192899704	0	kw4x5 kw4x0 kw4x2 kw4x5 kw4x0
e00000597	alpha	1760000597000	c7	0.04138721153140068	0	kw7x3 kw7x2 kw7x1 kw7x4 kw7x1
e00000598	alpha	1760000598000	c0	0.039177898317575455	0	kw0x2 kw0x5 kw0x5 kw0x0 kw0x1
e00000599	alpha	1760000599000	c0	0.02205432765185833	0	kw0x0 kw0x5 kw0x2 kw0x2 kw0x2
e00000600	alpha	1760000600000	c0	0.04743408039212227	0	kw0x1 kw0x1 kw0x5 kw0x5 kw0x0
e00000601	alpha	1760000601000	c6	0.017170166596770287	0	kw6x2 kw6x2 kw6x3 kw6x5 kw6x1
e00000602	alpha	1760000602000	c0	0.03495213761925697	0	kw0x0 kw0x5 kw0x1 kw0x3 kw0x1
e00000603	alpha	1760000603000	c6	0.04007945582270622	0	kw6x0 kw6x1 kw6x4 kw6x0 kw6x2
e00000604	alpha	1760000604000	c0	0.043011438101530075	0	kw0x1 kw0x4 kw0x4 kw0x2 kw0x4
e00000605	alpha	1760000605000	c4	0.00006920695159351453	0	kw4x4 kw4x5 kw4x2 kw4x4 kw4x4
e00000606	alpha	1760000606000	c4	0.02376141957938671	0	kw4x3 kw4x5 kw4x3 kw4x3 kw4x2
e00000607	alpha	1760000607000	c2	0.04360848292708397	0	kw2x3 kw2x5 kw2x3 kw2x4 kw2x0
e00000608	alpha	1760000608000	c5	0.02506931498646736	0	kw5x3 kw5x3 kw5x4 kw5x5 kw5x1
e00000609	alpha	1760000609000	c2	0.04848017171025276	0	kw2x5 kw2x0 kw2x4 kw2x4 kw2x3
e00000610	alpha	1760000610000	c2	0.04140377417206764	0	kw2x5 kw2x5 kw2x1 kw2x2 kw2x2
e00000611	alpha	1760000611000	c0	0.0451786145567894	0	kw0x3 kw0x1 kw0x1 kw0x2 kw0x2
e00000612	alpha	1760000612000	c0	0.010092920623719692	0	kw0x0 kw0x3 kw0x1 kw0x4 kw0x2
e00000613	alpha	1760000613000	c2	0.005592265632003546	0	kw2x2 kw2x4 kw2x3 kw2x1 kw2x2
e00000614	alpha	1760000614000	c1	0.03787684068083763	0	kw1x2 kw1x0 kw1x3 kw1x1 kw1x3
e00000615	alpha	1760000615000	c0	0.013320410624146461	0	kw0x1 kw0x4 kw0x1 kw0x3 kw0x5
e00000616	alpha	1760000616000	c3	0.014832764863967896	0	kw3x5 kw3x3 kw3x0 kw3x3 kw3x1
e00000617	alpha	1760000617000	c0	0.013916653580963612	0	kw0x4 kw0x4 kw0x5 kw0x4 kw0x0
e00000618	alpha	1760000618000	c0	0.01692133955657482	1	kw0x4 kw0x2 kw0x0 kw0x5 kw0x5
e00000619	alpha	1760000619000	c0	0.03377446159720421	0	kw0x4 kw0x4 kw0x3 kw0x2 kw0x1
e00000620	alpha	1760000620000	c0	0.04941200837492943	0	kw0x0 kw0x0 kw0x4 kw0x4 kw0x0
e00000621	alpha	1760000621000	c0	0.0037989169359207153	0	kw0x1 kw0x3 kw0x3 kw0x2 kw0x3
e00000622	alpha	1760000622000	c0	0.012382111512124538	0	kw0x5 kw0x1 kw0x4 kw0x2 kw0x4
e00000623	alpha	1760000623000	c4	0.007376584690064192	0	kw4x4 kw4x0 kw4x3 kw4x5 kw4x0
e00000624	alpha	1760000624000	c1	0.009431111626327038	0	kw1x5 kw1x2 kw1x5 kw1x0 kw1x0
e00000625	alpha	1760000625000	c0	0.00563205499202013	1	kw0x4 kw0x4 kw0x1 kw0x3 kw0x0
e00000626	alpha	1760000626000	c3	0.042903926223516464	0	kw3x2 kw3x0 kw3x5 kw3x1 kw3x5
e00000627	alpha	1760000627000	c7	0.029191885143518448	0	kw7x4 kw7x1 kw7x5 kw7x3 kw7x1
e00000628	alpha	1760000628000	c2	0.007883667945861816	0	kw2x4 kw2x4 kw2x4 kw2x0 kw2x4
e00000629	alpha	1760000629000	c0	0.03340018913149834	0	kw0x4 kw0x0 kw0x0 kw0x2 kw0x2
e00000630	alpha	1760000630000	c3	0.014987784437835217	0	kw3x0 kw3x5 kw3x1 kw3x2 kw3x5
e00000631	alpha	1760000631000	c5	0.0026851953007280827	0	kw5x3 kw5x4 kw5x3 kw5x1 kw5x5
e00000632	alpha	1760000632000	c5	0.025279153138399124	0	kw5x2 kw5x5 kw5x0 kw5x5 kw5x3
e00000633	alpha	1760000633000	c0	0.04279056936502457	0	kw0x4 kw0x5 kw0x1 kw0x0 kw0x1
e00000634	alpha	1760000634000	c3	0.0161270834505558	0	kw3x4 kw3x4 kw3x2 kw3x5 kw3x2
e00000635	alpha	1760000635000	c1	0.019972950220108032	0	kw1x3 kw1x5 kw1x0 kw1x2 kw1x4
e00000636	alpha	1760000636000	c5	0.003047805977985263	0	kw5x2 kw5x0 kw5x1 kw5x1 kw5x5
e00000637	alpha	1760000637000	c0	0.004917478654533625	0	kw0x5 kw0x5 kw0x5 kw0x3 kw0x3
e00000638	alpha	1760000638000	c1	0.009813717566430569	0	kw1x2 kw1x0 kw1x2 kw1x2 kw1x4
e00000639	alpha	1760000639000	c5	0.01993916742503643	0	kw5x5 kw5x0 kw5x3 kw5x2 kw5x0
e00000640	alpha	1760000640000	c0	0.020509665831923485	0	kw0x0 kw0x3 kw0x1 kw0x5 kw0x0
e00000641	alpha	1760000641000	c1	0.049506887793540955	0	kw1x0 kw1x0 kw1x5 kw1x0 kw1x0
e00000642	alpha	1760000642000	c0	0.032902829349040985	0	kw0x3 kw0x3 kw0x5 kw0x4 kw0x1
e00000643	alpha	1760000643000	c5	0.0014760465128347278	0	kw5x4 kw5x2 kw5x2 kw5x0 kw5x5
e00000644	alpha	1760000644000	c0	0.040206294506788254	0	kw0x1 kw0x5 kw0x3 kw0x3 kw0x4
e00000645	alpha	1760000645000	c0	0.023422861471772194	0	kw0x0 kw0x4 kw0x5 kw0x4 kw0x5
e00000646	alpha	1760000646000	c0	0.0349254310131073	0	kw0x0 kw0x5 kw0x2 kw0x4 kw0x2
e00000647	alpha	1760000647000	c4	0.014001023955643177	1	kw4x1 kw4x1 kw4x1 kw4x5 kw4x2
e00000648	alpha	1760000648000	c2	0.03341374173760414	0	kw2x4 kw2x0 kw2x1 kw2x4 kw2x5
e00000649	alpha	1760000649000	c7	0.04662463068962097	0	kw7x3 kw7x0 kw7x1 kw7x3 kw7x3
e00000650	alpha	1760000650000	c2	0.03159574791789055	0	kw2x5 kw2x5 kw2x3 kw2x5 kw2x4
e00000651	alpha	1760000651000	c0	0.00046924949856474996	0	kw0x4 kw0x4 kw0x5 kw0x0 kw0x4
e00000652	alpha	1760000652000	c0	0.01601666770875454	1	kw0x3 kw0x0 kw0x2 kw0x3 kw0x1
e00000653	alpha	1760000653000	c0	0.02666541002690792	0	kw0x2 kw0x4 kw0x5 kw0x2 kw0x1
e00000654	alpha	1760000654000	c1	0.001579499221406877	1	kw1x3 kw1x0 kw1x3 kw1x1 kw1x3
e00000655	alpha	1760000655000	c6	0.019479451701045036	0	kw6x2 kw6x5 kw6x2 kw6x2 kw6x5
e00000656	alpha	1760000656000	c1	0.016053343191742897	0	kw1x1 kw1x5 kw1x4 kw1x5 kw1x1
e00000657	alpha	1760000657000	c0	0.04962274059653282	0	kw0x3 kw0x0 kw0x3 kw0x1 kw0x1
e00000658	alpha	1760000658000	c2	0.02301594614982605	0	kw2x0 kw2x1 kw2x3 kw2x5 kw2x3
e00000659	alpha	1760000659000	c1	0.02766883373260498	0	kw1x5 kw1x1 kw1x0 kw1x1 kw1x3
e00000660	alpha	1760000660000	c0	0.0373259074985981	0	kw0x0 kw0x1 kw0x4 kw0x0 kw0x1
e00000661	alpha	1760000661000	c6	0.025681624189019203	1	kw6x1 kw6x3 kw6x1 kw6x4 kw6x4
e00000662	alpha	1760000662000	c4	0.008064496330916882	0	kw4x1 kw4x0 kw4x4 kw4x4 kw4x1
e00000663	alpha	1760000663000	c6	0.011505610309541225	0	kw6x1 kw6x0 kw6x1 kw6x5 kw6x5
e00000664	alpha	1760000664000	c4	0.034530334174633026	0	kw4x4 kw4x4 kw4x2 kw4x2 kw4x3
e00000665	alpha	1760000665000	c0	0.014472258277237415	1	kw0x0 kw0x5 kw0x2 kw0x3 kw0x2
e00000666	alpha	1760000666000	c5	0.02955777756869793	1	kw5x5 kw5x4 kw5x4 kw5x2 kw5x1
e00000667	alpha	1760000667000	c1	0.02840554714202881	0	kw1x3 kw1x3 kw1x5 kw1x4 kw1x4
e00000668	alpha	1760000668000	c2	0.024755403399467468	1	kw2x2 kw2x0 kw2x5 kw2x3 kw2x4
e00000669	alpha	1760000669000	c0	0.01313523668795824	0	kw0x3 kw0x3 kw0x0 kw0x0 kw0x0
e00000670	alpha	1760000670000	c0	0.011641010642051697	0	kw0x0 kw0x4 kw0x4 kw0x2 kw0x4
e00000671	alpha	1760000671000	c0	0.04044372960925102	0	kw0x0 kw0x5 kw0x5 kw0x1 kw0x2
e00000672	alpha	1760000672000	c6	0.025578884407877922	1	kw6x5 kw6x0 kw6x0 kw6x5 kw6x0
e00000673	alpha	1760000673000	c2	0.019162282347679138	0	kw2x1 kw2x2 kw2x2 kw2x0 kw2x3
e00000674	alpha	1760000674000	c2	0.024903828278183937	0	kw2x1 kw2x2 kw2x5 kw2x3 kw2x5
e00000675	alpha	1760000675000	c6	0.006410521455109119	0	kw6x4 kw6x2 kw6x2 kw6x2 kw6x3
e00000676	alpha	1760000676000	c0	0.0240617785602808	0	kw0x3 kw0x1 kw0x4 kw0x3 kw0x2
e00000677	alpha	1760000677000	c3	0.033809494227170944	0	kw3x3 kw3x2 kw3x2 kw3x3 kw3x0
e00000678	alpha	1760000678000	c7	0.030693665146827698	1	kw7x3 kw7x5 kw7x5 kw7x3 kw7x4
e00000679	alpha	1760000679000	c0	0.0241535734385252	0	kw0x5 kw0x1 kw0x2 kw0x3 kw0x0
e00000680	alpha	1760000680000	c1	0.002175715519115329	0	kw1x2 kw1x1 kw1x3 kw1x4 kw1x1
e00000681	alpha	1760000681000	c0	0.027445966377854347	0	kw0x0 kw0x2 kw0x1 kw0x5 kw0x4
e00000682	alpha	1760000682000	c5	0.025058185681700706	1	kw5x0 kw5x3 kw5x0 kw5x5 kw5x4
e00000683	alpha	1760000683000	c1	0.019880279898643494	0	kw1x4 kw1x0 kw1x3 kw1x2 kw1x5
e00000684	alpha	1760000684000	c1	0.04346923902630806	0	kw1x5 kw1x0 kw1x1 kw1x1 kw1x0
e00000685	alpha	1760000685000	c4	0.02842046692967415	0	kw4x0 kw4x3 kw4x2 kw4x1 kw4x2
e00000686	alpha	1760000686000	c7	0.019889865070581436	0	kw7x4 kw7x1 kw7x1 kw7x3 kw7x4
e00000687	alpha	1760000687000	c0	0.045855432748794556	1	kw0x5 kw0x4 kw0x2 kw0x3 kw0x4
e00000688	alpha	1760000688000	c5	0.016477838158607483	0	kw5x5 kw5x4 kw5x1 kw5x3 kw5x1
e00000689	alpha	1760000689000	c4	0.046778835356235504	0	kw4x3 kw4x3 kw4x5 kw4x1 kw4x4
e00000690	alpha	1760000690000	c0	0.007071992848068476	0	kw0x2 kw0x3 kw0x5 kw0x0 kw0x3
e00000691	alpha	1760000691000	c5	0.013057681731879711	0	kw5x4 kw5x0 kw5x4 kw5x1 kw5x3
e00000692	alpha	1760000692000	c3	0.013132154941558838	0	kw3x1 kw3x3 kw3x3 kw3x0 kw3x4
e00000693	alpha	1760000693000	c5	0.02358657494187355	0	kw5x3 kw5x4 kw5x5 kw5x3 kw5x0
e00000694	alpha	1760000694000	c0	0.001419696258381009	0	kw0x4 kw0x2 kw0x0 kw0x0 kw0x0
e00000695	alpha	1760000695000	c0	0.02133950963616371	1	kw0x1 kw0x3 kw0x5 kw0x3 kw0x2
e00000696	alpha	1760000696000	c0	0.004751366563141346	0	kw0x3 kw0x3 kw0x0 kw0x0 kw0x1
e00000697	alpha	1760000697000	c1	0.00941131729632616	0	kw1x2 kw1x4 kw1x4 kw1x3 kw1x5
e00000698	alpha	1760000698000	c0	0.03404184430837631	0	kw0x4 kw0x4 kw0x4 kw0x2 kw0x1
e00000699	alpha	1760000699000	c3	0.0033470422495156527	0	kw3x3 kw3x2 kw3x5 kw3x4 kw3x5
e00000700	alpha	1760000700000	c0	0.040161874145269394	1	kw0x1 kw0x4 kw0x0 kw0x4 kw0x3
e00000701	alpha	1760000701000	c6	0.005949148442596197	0	kw6x2 kw6x1 kw6x2 kw6x0 kw6x2
e00000702	alpha	1760000702000	c3	0.04647568240761757	0	kw3x3 kw3x3 kw3x3 kw3x4 kw3x0
e00000703	alpha	1760000703000	c5	0.006420168559998274	0	kw5x2 kw5x1 kw5x1 kw5x5 kw5x5
e00000704	alpha	1760000704000	c1	0.011713961139321327	0	kw1x5 kw1x1 kw1x3 kw1x0 kw1x5
e00000705	alpha	1760000705000	c6	0.031798575073480606	0	kw6x0 kw6x3 kw6x1 kw6x2 kw6x0
e00000706	alpha	1760000706000	c0	0.034101925790309906	0	kw0x5 kw0x0 kw0x4 kw0x4 kw0x4
e00000707	alpha	1760000707000	c0	0.04962195083498955	0	kw0x0 kw0x3 kw0x3 kw0x3 kw0x3
e00000708	alpha	1760000708000	c1	0.021198982372879982	0	kw1x4 kw1x1 kw1x1 kw1x0 kw1x3
e00000709	alpha	1760000709000	c3	0.01908279024064541	0	kw3x4 kw3x1 kw3x2 kw3x0 kw3x2
e00000710	alpha	1760000710000	c4	0.012128910981118679	1	kw4x3 kw4x3 kw4x4 kw4x2 kw4x5
e00000711	alpha	1760000711000	c3	0.02192004956305027	0	kw3x1 kw3x4 kw3x0 kw3x1 kw3x1
e00000712	alpha	1760000712000	c0	0.04391757771372795	0	kw0x2 kw0x0 kw0x2 kw0x4 kw0x5
e00000713	alpha	1760000713000	c0	0.022384217008948326	0	kw0x0 kw0x0 kw0x3 kw0x0 kw0x5
e00000714	alpha	1760000714000	c1	0.044218845665454865	0	kw1x2 kw1x1 kw1x4 kw1x0 kw1x0
e00000715	alpha	1760000715000	c0	0.027881044894456863	0	kw0x5 kw0x1 kw0x1 kw0x5 kw0x4
e00000716	alpha	1760000716000	c1	0.039280518889427185	0	kw1x1 kw1x1 kw1x1 kw1x1 kw1x0
e00000717	alpha	1760000717000	c2	0.04510314762592316	0	kw2x4 kw2x3 kw2x3 kw2x1 kw2x4
e00000718	alpha	1760000718000	c2	0.049673210829496384	0	kw2x4 kw2x0 kw2x5 kw2x1 kw2x2
e00000719	alpha	1760000719000	c4	0.048061687499284744	0	kw4x0 kw4x0 kw4x3 kw4x0 kw4x5
e00000720	alpha	1760000720000	c0	0.013074398040771484	1	kw0x2 kw0x1 kw0x4 kw0x5 kw0x4
e00000721	alpha	1760000721000	c0	0.019918298348784447	0	kw0x3 kw0x1 kw0x5 kw0x5 kw0x2
e00000722	alpha	1760000722000	c0	0.002325108740478754	0	kw0x4 kw0x1 kw0x5 kw0x1 kw0x1
e00000723	alpha	1760000723000	c0	0.049534186720848083	0	kw0x0 kw0x3 kw0x4 kw0x5 kw0x1
e00000724	alpha	1760000724000	c0	0.032472144812345505	0	kw0x2 kw0x4 kw0x2 kw0x3 kw0x4
e00000725	alpha	1760000725000	c4	0.036666806787252426	1	kw4x4 kw4x4 kw4x2 kw4x0 kw4x3
e00000726	alpha	1760000726000	c2	0.03642439842224121	0	kw2x5 kw2x4 kw2x4 kw2x3 kw2x0
e00000727	alpha	1760000727000	c1	0.02773195318877697	1	kw1x5 kw1x3 kw1x3 kw1x1 kw1x1
e00000728	alpha	1760000728000	c1	0.009524754248559475	0	kw1x0 kw1x0 kw1x2 kw1x2 kw1x3
e00000729	alpha	1760000729000	c5	0.008763658814132214	0	kw5x1 kw5x3 kw5x1 kw5x3 kw5x2
e00000730	alpha	1760000730000	c0	0.03609626367688179	0	kw0x4 kw0x2 kw0x2 kw0x4 kw0x5
e00000731	alpha	1760000731000	c1	0.04553229361772537	0	kw1x0 kw1x0 kw1x4 kw1x4 kw1x2
e00000732	alpha	1760000732000	c3	0.03588203713297844	0	kw3x4 kw3x3 kw3x0 kw3x0 kw3x4
e00000733	alpha	1760000733000	c0	0.018544277176260948	0	kw0x1 kw0x2 kw0x5 kw0x3 kw0x0
e00000734	alpha	1760000734000	c0	0.01118557807058096	0	kw0x1 kw0x5 kw0x0 kw0x4 kw0x2
e00000735	alpha	1760000735000	c0	0.04441635310649872	0	kw0x0 kw0x3 kw0x1 kw0x1 kw0x1
e00000736	alpha	1760000736000	c5	0.01892467774450779	1	kw5x3 kw5x5 kw5x5 kw5x5 kw5x5
e00000737	alpha	1760000737000	c1	0.015933198854327202	0	kw1x1 kw1x2 kw1x4 kw1x4 kw1x2
e00000738	alpha	1760000738000	c0	0.006696668453514576	0	kw0x3 kw0x0 kw0x2 kw0x0 kw0x2
e00000739	alpha	1760000739000	c1	0.009977656416594982	0	kw1x5 kw1x1 kw1x5 kw1x1 kw1x0
e00000740	alpha	1760000740000	c0	0.028643587604165077	0	kw0x5 kw0x4 kw0x5 kw0x1 kw0x0
e00000741	alpha	1760000741000	c4	0.03117549978196621	0	kw4x2 kw4x4 kw4x1 kw4x2 kw4x3
e00000742	alpha	1760000742000	c0	0.02497032657265663	0	kw0x3 kw0x4 kw0x4 kw0x5 kw0x0
e00000743	alpha	1760000743000	c0	0.03900839015841484	0	kw0x1 kw0x0 kw0x4 kw0x0 kw0x3
e00000744	alpha	1760000744000	c3	0.03160804510116577	0	kw3x5 kw3x5 kw3x5 kw3x3 kw3x3
e00000745	alpha	1760000745000	c2	0.0066694109700620174	0	kw2x2 kw2x5 kw2x5 kw2x4 kw2x4
e00000746	alpha	1760000746000	c1	0.04434390366077423	0	kw1x3 kw1x1 kw1x0 kw1x2 kw1x5
e00000747	alpha	1760000747000	c1	0.03189229592680931	0	kw1x0 kw1x0 kw1x3 kw1x3 kw1x4
e00000748	alpha	1760000748000	c1	0.03777816891670227	0	kw1x0 kw1x3 kw1x4 kw1x3 kw1x1
e00000749	alpha	1760000749000	c0	0.01633634977042675	0	kw0x4 kw0x4 kw0x0 kw0x0 kw0x1
e00000750	alpha	1760000750000	c4	0.04867007955908775	1	kw4x4 kw4x5 kw4x4 kw4x1 kw4x1
e00000751	alpha	1760000751000	c4	0.04004505276679993	0	kw4x3 kw4x3 kw4x3 kw4x3 kw4x0
e00000752	alpha	1760000752000	c0	0.0020212680101394653	0	kw0x3 kw0x3 kw0x3 kw0x3 kw0x4
e00000753	alpha	1760000753000	c5	0.013678980059921741	0	kw5x3 kw5x1 kw5x4 kw5x3 kw5x4
e00000754	alpha	1760000754000	c0	0.002427262021228671	0	kw0x3 kw0x4 kw0x3 kw0x3 kw0x4
e00000755	alpha	1760000755000	c0	0.031172210350632668	0	kw0x4 kw0x4 kw0x2 kw0x5 kw0x3
e00000756	alpha	1760000756000	c1	0.016845598816871643	0	kw1x2 kw1x5 kw1x3 kw1x3 kw1x2
e00000757	alpha	1760000757000	c6	0.025022033601999283	0	kw6x3 kw6x4 kw6x1 kw6x1 kw6x2
e00000758	alpha	1760000758000	c1	0.017289111390709877	0	kw1x1 kw1x2 kw1x0 kw1x4 kw1x2
e00000759	alpha	1760000759000	c1	0.047812145203351974	0	kw1x0 kw1x0 kw1x4 kw1x4 kw1x5
e00000760	alpha	1760000760000	c0	0.030596613883972168	0	kw0x1 kw0x5 kw0x3 kw0x5 kw0x2
e00000761	alpha	1760000761000	c4	0.008348402567207813	1	kw4x4 kw4x1 kw4x1 kw4x1 kw4x4
e00000762	alpha	1760000762000	c2	0.0020312040578573942	0	kw2x3 kw2x2 kw2x5 kw2x3 kw2x4
e00000763	alpha	1760000763000	c0	0.014300904236733913	0	kw0x4 kw0x0 kw0x0 kw0x1 kw0x1
e00000764	alpha	1760000764000	c4	0.00999236386269331	0	kw4x1 kw4x5 kw4x0 kw4x0 kw4x4
e00000765	alpha	1760000765000	c0	0.018796149641275406	0	kw0x5 kw0x4 kw0x0 kw0x3 kw0x5
e00000766	alpha	1760000766000	c6	0.0018220872152596712	0	kw6x4 kw6x1 kw6x5 kw6x2 kw6x2
e00000767	alpha	1760000767000	c0	0.019486213102936745	0	kw0x4 kw0x3 kw0x5 kw0x4 kw0x1
e00000768	alpha	1760000768000	c0	0.008043068461120129	0	kw0x1 kw0x4 kw0x5 kw0x4 kw0x0
e00000769	alpha	1760000769000	c0	0.008802753873169422	0	kw0x3 kw0x5 kw0x1 kw0x3 kw0x3
e00000770	alpha	1760000770000	c7	0.04094993695616722	0	kw7x0 kw7x2 kw7x2 kw7x2 kw7x5
e00000771	alpha	1760000771000	c1	0.009454473853111267	0	kw1x4 kw1x4 kw1x1 kw1x1 kw1x5
e00000772	alpha	1760000772000	c0	0.04180849716067314	0	kw0x3 kw0x2 kw0x3 kw0x0 kw0x0
e00000773	alpha	1760000773000	c5	0.0075610666535794735	0	kw5x2 kw5x5 kw5x3 kw5x0 kw5x4
e00000774	alpha	1760000774000	c0	0.014206207357347012	0	kw0x4 kw0x2 kw0x4 kw0x2 kw0x2
e00000775	alpha	1760000775000	c2	0.024570530280470848	0	kw2x3 kw2x1 kw2x4 kw2x2 kw2x5
e00000776	alpha	1760000776000	c6	0.002171054482460022	0	kw6x0 kw6x0 kw6x1 kw6x4 kw6x3
e00000777	alpha	1760000777000	c6	0.01291616540402174	1	kw6x4 kw6x2 kw6x5 kw6x0 kw6x4
e00000778	alpha	1760000778000	c2	0.03563491627573967	0	kw2x4 kw2x5 kw2x0 kw2x3 kw2x4
e00000779	alpha	1760000779000	c0	0.03973148390650749	0	kw0x2 kw0x3 kw0x1 kw0x1 kw0x5
e00000780	alpha	1760000780000	c3	0.012095279060304165	0	kw3x0 kw3x5 kw3x0 kw3x5 kw3x5
e00000781	alpha	1760000781000	c3	0.04982564225792885	0	kw3x5 kw3x3 kw3x0 kw3x5 kw3x3
e00000782	alpha	1760000782000	c7	0.0056428792886435986	0	kw7x0 kw7x0 kw7x3 kw7x0 kw7x3
e00000783	alpha	1760000783000	c0	0.03373417630791664	0	kw0x4 kw0x4 kw0x5 kw0x1 kw0x2
e00000784	alpha	1760000784000	c0	0.028821546584367752	0	kw0x4 kw0x1 kw0x5 kw0x3 kw0x5
e00000785	alpha	1760000785000	c1	0.012951097451150417	1	kw1x1 kw1x5 kw1x3 kw1x5 kw1x1
e00000786	alpha	1760000786000	c0	0.02937309816479683	0	kw0x4 kw0x2 kw0x4 kw0x4 kw0x3
e00000787	alpha	1760000787000	c0	0.030128424987196922	0	kw0x0 kw0x0 kw0x0 kw0x2 kw0x5
e00000788	alpha	1760000788000	c6	0.0031162858940660954	0	kw6x4 kw6x2 kw6x1 kw6x4 kw6x0
e00000789	alpha	1760000789000	c3	0.035209961235523224	0	kw3x2 kw3x1 kw3x2 kw3x4 kw3x5
e00000790	alpha	1760000790000	c6	0.01808059588074684	0	kw6x2 kw6x3 kw6x4 kw6x2 kw6x4
e00000791	alpha	1760000791000	c1	0.03923730179667473	0	kw1x2 kw1x3 kw1x2 kw1x0 kw1x1
e00000792	alpha	1760000792000	c1	0.02768574096262455	0	kw1x2 kw1x0 kw1x3 kw1x1 kw1x1
e00000793	alpha	1760000793000	c5	0.047051217406988144	0	kw5x2 kw5x0 kw5x0 kw5x5 kw5x4
e00000794	alpha	1760000794000	c0	0.04061208665370941	0	kw0x4 kw0x3 kw0x2 kw0x0 kw0x2
e00000795	alpha	1760000795000	c0	0.021934762597084045	0	kw0x4 kw0x5 kw0x0 kw0x2 kw0x4
e00000796	alpha	1760000796000	c0	0.016007352620363235	0	kw0x5 kw0x3 kw0x5 kw0x4 kw0x5
e00000797	alpha	1760000797000	c0	0.017119912430644035	0	kw0x0 kw0x0 kw0x3 kw0x2 kw0x1
e00000798	alpha	1760000798000	c6	0.013594547286629677	0	kw6x3 kw6x1 kw6x3 kw6x0 kw6x0
e00000799	alpha	1760000799000	c2	0.007011970970779657	0	kw2x0 kw2x0 kw2x0 kw2x1 kw2x4
e00000800	alpha	1760000800000	c0	0.011399731040000916	0	kw0x1 kw0x3 kw0x4 kw0x3 kw0x2
e00000801	alpha	1760000801000	c0	0.025456024333834648	0	kw0x3 kw0x0 kw0x0 kw0x1 kw0x3
e00000802	alpha	1760000802000	c0	0.007638302631676197	0	kw0x1 kw0x3 kw0x5 kw0x4 kw0x5
e00000803	alpha	1760000803000	c1	0.029973415657877922	0	kw1x5 kw1x0 kw1x3 kw1x3 kw1x4
e00000804	alpha	1760000804000	c0	0.03248618543148041	0	kw0x1 kw0x3 kw0x2 kw0x4 kw0x1
e00000805	alpha	1760000805000	c1	0.04258858785033226	1	kw1x1 kw1x4 kw1x2 kw1x0 kw1x3
e00000806	alpha	1760000806000	c1	0.04191461578011513	0	kw1x2 kw1x2 kw1x0 kw1x4 kw1x0
e00000807	alpha	1760000807000	c2	0.0067749531008303165	0	kw2x3 kw2x0 kw2x2 kw2x2 kw2x1
e00000808	alpha	1760000808000	c3	0.03060595691204071	0	kw3x3 kw3x1 kw3x3 kw3x0 kw3x3
e00000809	alpha	1760000809000	c0	0.03396853432059288	0	kw0x5 kw0x1 kw0x1 kw0x0 kw0x1
e00000810	alpha	1760000810000	c2	0.010524779558181763	0	kw2x3 kw2x0 kw2x1 kw2x2 kw2x4
e00000811	alpha	1760000811000	c0	0.04395439103245735	0	kw0x1 kw0x1 kw0x5 kw0x2 kw0x1
e00000812	alpha	1760000812000	c0	0.04645600542426109	0	kw0x2 kw0x4 kw0x2 kw0x5 kw0x4
e00000813	alpha	1760000813000	c0	0.03415287286043167	0	kw0x4 kw0x4 kw0x0 kw0x3 kw0x5
e00000814	alpha	1760000814000	c0	0.023710358887910843	0	kw0x2 kw0x5 kw0x0 kw0x0 kw0x4
e00000815	alpha	1760000815000	c0	0.002445960184559226	0	kw0x0 kw0x3 kw0x0 kw0x0 kw0x2
e00000816	alpha	1760000816000	c2	0.0035888999700546265	0	kw2x1 kw2x2 kw2x5 kw2x1 kw2x1
e00000817	alpha	1760000817000	c0	0.01779000274837017	0	kw0x3 kw0x3 kw0x2 kw0x3 kw0x0
e00000818	alpha	1760000818000	c1	0.007376569788902998	0	kw1x3 kw1x0 kw1x2 kw1x1 kw1x5
e00000819	alpha	1760000819000	c0	0.004823851864784956	0	kw0x3 kw0x5 kw0x5 kw0x2 kw0x3
e00000820	alpha	1760000820000	c6	0.042544685304164886	0	kw6x5 kw6x5 kw6x0 kw6x0 kw6x0
e00000821	alpha	1760000821000	c1	0.011234724894165993	0	kw1x5 kw1x3 kw1x1 kw1x1 kw1x2
e00000822	alpha	1760000822000	c0	0.0037647546268999577	0	kw0x2 kw0x2 kw0x0 kw0x2 kw0x2
e00000823	alpha	1760000823000	c4	0.01562982238829136	0	kw4x0 kw4x3 kw4x4 kw4x0 kw4x2
e00000824	alpha	1760000824000	c5	0.03952999785542488	0	kw5x1 kw5x4 kw5x3 kw5x2 kw5x5
e00000825	alpha	1760000825000	c3	0.04102219641208649	0	kw3x2 kw3x0 kw3x5 kw3x0 kw3x3
e00000826	alpha	1760000826000	c0	0.02656313218176365	0	kw0x2 kw0x2 kw0x1 kw0x5 kw0x5
e00000827	alpha	1760000827000	c2	0.009332636371254921	0	kw2x5 kw2x1 kw2x1 kw2x1 kw2x3
e00000828	alpha	1760000828000	c3	0.027935296297073364	1	kw3x5 kw3x3 kw3x0 kw3x0 kw3x1
e00000829	alpha	1760000829000	c0	0.04807981848716736	0	kw0x1 kw0x0 kw0x5 kw0x0 kw0x3
e00000830	alpha	1760000830000	c0	0.009419760666787624	0	kw0x3 kw0x5 kw0x4 kw0x4 kw0x5
e00000831	alpha	1760000831000	c5	0.027900148183107376	0	kw5x5 kw5x4 kw5x1 kw5x4 kw5x4
e00000832	alpha	1760000832000	c0	0.0059692892245948315	0	kw0x0 kw0x3 kw0x1 kw0x4 kw0x3
e00000833	alpha	1760000833000	c2	0.024501843377947807	0	kw2x0 kw2x0 kw2x5 kw2x3 kw2x5
e00000834	alpha	1760000834000	c6	0.04166532680392265	0	kw6x1 kw6x4 kw6x1 kw6x5 kw6x4
e00000835	alpha	1760000835000	c2	0.018691515550017357	0	kw2x1 kw2x0 kw2x3 kw2x1 kw2x2
e00000836	alpha	1760000836000	c6	0.04429195821285248	0	kw6x0 kw6x5 kw6x0 kw6x4 kw6x4
e00000837	alpha	1760000837000	c1	0.04193717986345291	0	kw1x0 kw1x2 kw1x0 kw1x0 kw1x5
e00000838	alpha	1760000838000	c3	0.01154567301273346	0	kw3x2 kw3x2 kw3x0 kw3x3 kw3x1
e00000839	alpha	1760000839000	c1	0.0058409483171999454	0	kw1x5 kw1x1 kw1x0 kw1x0 kw1x5
e00000840	alpha	1760000840000	c7	0.038355570286512375	0	kw7x4 kw7x1 kw7x4 kw7x5 kw7x5
e00000841	alpha	1760000841000	c6	0.041804052889347076	0	kw6x4 kw6x5 kw6x1 kw6x5 kw6x5
e00000842	alpha	1760000842000	c0	0.039982642978429794	0	kw0x1 kw0x5 kw0x0 kw0x5 kw0x5
e00000843	alpha	1760000843000	c0	0.016375720500946045	0	kw0x0 kw0x1 kw0x3 kw0x1 kw0x0
e00000844	alpha	1760000844000	c0	0.03942036256194115	0	kw0x4 kw0x1 kw0x4 kw0x4 kw0x1
e00000845	alpha	1760000845000	c0	0.008103880099952221	0	kw0x1 kw0x4 kw0x3 kw0x3 kw0x3
e00000846	alpha	1760000846000	c2	0.013859427534043789	0	kw2x5 kw2x2 kw2x4 kw2x1 kw2x0
e00000847	alpha	1760000847000	c0	0.01070395391434431	0	kw0x5 kw0x1 kw0x2 kw0x0 kw0x0
e00000848	alpha	1760000848000	c2	0.04494563117623329	0	kw2x3 kw2x2 kw2x2 kw2x3 kw2x5
e00000849	alpha	1760000849000	c0	0.03419658914208412	0	kw0x1 kw0x2 kw0x0 kw0x3 kw0x2
e00000850	alpha	1760000850000	c1	0.02180013619363308	0	kw1x1 kw1x2 kw1x5 kw1x1 kw1x0
e00000851	alpha	1760000851000	c2	0.036209847778081894	0	kw2x1 kw2x4 kw2x2 kw2x5 kw2x0
e00000852	alpha	1760000852000	c2	0.006703400518745184	0	kw2x5 kw2x3 kw2x4 kw2x5 kw2x4
e00000853	alpha	1760000853000	c1	0.02366461791098118	0	kw1x1 kw1x5 kw1x2 kw1x4 kw1x4
e00000854	alpha	1760000854000	c0	0.04791710153222084	0	kw0x5 kw0x5 kw0x2 kw0x4 kw0x1
e00000855	alpha	1760000855000	c0	0.0033909946214407682	0	kw0x3 kw0x0 kw0x4 kw0x5 kw0x2
e00000856	alpha	1760000856000	c1	0.044397708028554916	0	kw1x3 kw1x0 kw1x4 kw1x4 kw1x2
e00000857	alpha	1760000857000	c0	0.035844024270772934	0	kw0x4 kw0x4 kw0x3 kw0x1 kw0x4
e00000858	alpha	1760000858000	c5	0.0189089085906744	0	kw5x1 kw5x2 kw5x0 kw5x1 kw5x2
e00000859	alpha	1760000859000	c1	0.04026178643107414	0	kw1x5 kw1x2 kw1x4 kw1x2 kw1x5
e00000860	alpha	1760000860000	c1	0.023841803893446922	0	kw1x5 kw1x1 kw1x1 kw1x1 kw1x2
e00000861	alpha	1760000861000	c4	0.0004462987126316875	0	kw4x1 kw4x1 kw4x0 kw4x2 kw4x1
e00000862	alpha	1760000862000	c0	0.02423773519694805	0	kw0x5 kw0x2 kw0x3 kw0x3 kw0x5
e00000863	alpha	1760000863000	c2	0.003793919226154685	0	kw2x1 kw2x1 kw2x0 kw2x1 kw2x5
e00000864	alpha	1760000864000	c2	0.008748224936425686	0	kw2x3 kw2x3 kw2x4 kw2x0 kw2x0
e00000865	alpha	1760000865000	c6	0.013956991024315357	0	kw6x4 kw6x1 kw6x1 kw6x3 kw6x0
e00000866	alpha	1760000866000	c0	0.02266356162726879	0	kw0x0 kw0x5 kw0x0 kw0x4 kw0x1
e00000867	alpha	1760000867000	c0	0.007669481914490461	0	kw0x1 kw0x0 kw0x5 kw0x1 kw0x0
e00000868	alpha	1760000868000	c0	0.00255471165291965	1	kw0x3 kw0x1 kw0x4 kw0x3 kw0x2
e00000869	alpha	1760000869000	c0	0.006608996074646711	0	kw0x1 kw0x5 kw0x3 kw0x1 kw0x4
e00000870	alpha	1760000870000	c0	0.04118754714727402	0	kw0x3 kw0x1 kw0x1 kw0x5 kw0x2
e00000871	alpha	1760000871000	c3	0.04037473723292351	1	kw3x3 kw3x0 kw3x5 kw3x0 kw3x5
e00000872	alpha	1760000872000	c1	0.036147817969322205	1	kw1x1 kw1x1 kw1x3 kw1x5 kw1x1
e00000873	alpha	1760000873000	c5	0.008538389578461647	0	kw5x4 kw5x0 kw5x5 kw5x2 kw5x0
e00000874	alpha	1760000874000	c0	0.03530028462409973	0	kw0x5 kw0x3 kw0x2 kw0x4 kw0x4
e00000875	alpha	1760000875000	c1	0.01023132260888815	0	kw1x0 kw1x5 kw1x0 kw1x5 kw1x2
e00000876	alpha	1760000876000	c0	0.01263160165399313	1	kw0x2 kw0x3 kw0x4 kw0x2 kw0x3
e00000877	alpha	1760000877000	c1	0.0338938944041729	0	kw1x4 kw1x2 kw1x4 kw1x4 kw1x5
e00000878	alpha	1760000878000	c3	0.029549269005656242	0	kw3x2 kw3x1 kw3x3 kw3x2 kw3x1
e00000879	alpha	1760000879000	c1	0.01641886867582798	0	kw1x4 kw1x2 kw1x5 kw1x3 kw1x5
e00000880	alpha	1760000880000	c0	0.004797506611794233	1	kw0x1 kw0x0 kw0x2 kw0x0 kw0x1
e00000881	alpha	1760000881000	c0	0.048138245940208435	0	kw0x3 kw0x0 kw0x5 kw0x1 kw0x1
e00000882	alpha	1760000882000	c0	0.04736625775694847	0	kw0x1 kw0x1 kw0x3 kw0x2 kw0x4
e00000883	alpha	1760000883000	c6	0.04416195675730705	0	kw6x0 kw6x3 kw6x5 kw6x1 kw6x4
e00000884	alpha	1760000884000	c1	0.021568184718489647	0	kw1x1 kw1x1 kw1x3 kw1x5 kw1x2
e00000885	alpha	1760000885000	c1	0.004794120788574219	0	kw1x4 kw1x1 kw1x0 kw1x5 kw1x4
e00000886	alpha	1760000886000	c0	0.01964455656707287	0	kw0x5 kw0x0 kw0x0 kw0x3 kw0x5
e00000887	alpha	1760000887000	c3	0.02576572634279728	1	kw3x0 kw3x1 kw3x5 kw3x5 kw3x1
e00000888	alpha	1760000888000	c7	0.03140850365161896	0	kw7x4 kw7x5 kw7x0 kw7x0 kw7x2
e00000889	alpha	1760000889000	c7	0.023549605160951614	0	kw7x1 kw7x2 kw7x3 kw7x0 kw7x0
e00000890	alpha	1760000890000	c2	0.015869397670030594	1	kw2x5 kw2x4 kw2x5 kw2x5 kw2x3
e00000891	alpha	1760000891000	c0	0.003947797697037458	0	kw0x1 kw0x2 kw0x4 kw0x4 kw0x0
e00000892	alpha	1760000892000	c3	0.049585796892642975	1	kw3x2 kw3x2 kw3x4 kw3x2 kw3x2
e00000893	alpha	1760000893000	c2	0.002222597599029541	0	kw2x2 kw2x3 kw2x3 kw2x1 kw2x3
e00000894	alpha	1760000894000	c0	0.032540734857320786	0	kw0x5 kw0x4 kw0x5 kw0x0 kw0x3
e00000895	alpha	1760000895000	c0	0.046455804258584976	0	kw0x5 kw0x5 kw0x2 kw0x1 kw0x2
e00000896	alpha	1760000896000	c2	0.04441174119710922	0	kw2x0 kw2x3 kw2x3 kw2x0 kw2x1
e00000897	alpha	1760000897000	c0	0.017522579059004784	0	kw0x0 kw0x1 kw0x3 kw0x3 kw0x5
e00000898	alpha	1760000898000	c6	0.0430121086537838	0	kw6x5 kw6x5 kw6x1 kw6x2 kw6x1
e00000899	alpha	1760000899000	c3	0.041595980525016785	0	kw3x4 kw3x0 kw3x5 kw3x4 kw3x3
e00000900	alpha	1760000900000	c7	0.006715861149132252	0	kw7x5 kw7x3 kw7x0 kw7x3 kw7x5
e00000901	alpha	1760000901000	c2	0.02382475696504116	0	kw2x4 kw2x4 kw2x4 kw2x1 kw2x3
e00000902	alpha	1760000902000	c2	0.046872034668922424	0	kw2x2 kw2x1 kw2x0 kw2x1 kw2x1
e00000903	alpha	1760000903000	c1	0.03817746415734291	0	kw1x2 kw1x1 kw1x5 kw1x3 kw1x0
e00000904	alpha	1760000904000	c5	0.01756748929619789	0	kw5x2 kw5x4 kw5x3 kw5x1 kw5x4
e00000905	alpha	1760000905000	c2	0.00809201318770647	0	kw2x3 kw2x5 kw2x1 kw2x5 kw2x4
e00000906	alpha	1760000906000	c0	0.04524966701865196	0	kw0x3 kw0x4 kw0x1 kw0x0 kw0x1
e00000907	alpha	1760000907000	c1	0.02514326386153698	1	kw1x1 kw1x0 kw1x2 kw1x0 kw1x1
e00000908	alpha	1760000908000	c0	0.008277306333184242	0	kw0x0 kw0x1 kw0x1 kw0x3 kw0x1
e00000909	alpha	1760000909000	c0	0.0018670499557629228	0	kw0x0 kw0x1 kw0x3 kw0x4 kw0x4
e00000910	alpha	1760000910000	c0	0.00522632896900177	0	kw0x4 kw0x1 kw0x0 kw0x0 kw0x1
e00000911	alpha	1760000911000	c0	0.006344664376229048	0	kw0x2 kw0x4 kw0x4 kw0x3 kw0x4
e00000912	alpha	1760000912000	c5	0.045702334493398666	0	kw5x2 kw5x3 kw5x1 kw5x5 kw5x4
e00000913	alpha	1760000913000	c3	0.041718270629644394	0	kw3x1 kw3x4 kw3x2 kw3x4 kw3x4
e00000914	alpha	1760000914000	c0	0.005362612195312977	0	kw0x5 kw0x3 kw0x3 kw0x4 kw0x4
e00000915	alpha	1760000915000	c1	0.0037168979179114103	0	kw1x4 kw1x0 kw1x1 kw1x5 kw1x5
e00000916	alpha	1760000916000	c3	0.04687775298953056	0	kw3x0 kw3x3 kw3x1 kw3x3 kw3x2
e00000917	alpha	1760000917000	c0	0.039827872067689896	0	kw0x4 kw0x4 kw0x1 kw0x3 kw0x2
e00000918	alpha	1760000918000	c5	0.012811395339667797	0	kw5x1 kw5x0 kw5x4 kw5x0 kw5x0
e00000919	alpha	1760000919000	c0	0.016767233610153198	0	kw0x1 kw0x2 kw0x5 kw0x2 kw0x2
e00000920	alpha	1760000920000	c1	0.030378764495253563	0	kw1x1 kw1x5 kw1x0 kw1x1 kw1x5
e00000921	alpha	1760000921000	c0	0.024376286193728447	0	kw0x0 kw0x4 kw0x2 kw0x0 kw0x0
e00000922	alpha	1760000922000	c2	0.0009303539991378784	0	kw2x0 kw2x4 kw2x5 kw2x4 kw2x3
e00000923	alpha	1760000923000	c3	0.006608280818909407	0	kw3x2 kw3x0 kw3x4 kw3x3 kw3x0
e00000924	alpha	1760000924000	c2	0.03628023713827133	0	kw2x1 kw2x2 kw2x4 kw2x3 kw2x1
e00000925	alpha	1760000925000	c7	0.015748390927910805	0	kw7x1 kw7x1 kw7x2 kw7x5 kw7x1
e00000926	alpha	1760000926000	c4	0.04376746341586113	0	kw4x3 kw4x4 kw4x0 kw4x3 kw4x4
e00000927	alpha	1760000927000	c3	0.003574743866920471	0	kw3x3 kw3x2 kw3x5 kw3x4 kw3x0
e00000928	alpha	1760000928000	c0	0.011007490567862988	1	kw0x5 kw0x0 kw0x4 kw0x2 kw0x4
e00000929	alpha	1760000929000	c2	0.01874764822423458	0	kw2x1 kw2x4 kw2x5 kw2x5 kw2x0
e00000930	alpha	1760000930000	c5	0.010980531573295593	0	kw5x0 kw5x1 kw5x1 kw5x1 kw5x4
e00000931	alpha	1760000931000	c5	0.03854817524552345	0	kw5x1 kw5x2 kw5x4 kw5x0 kw5x0
e00000932	alpha	1760000932000	c0	0.03406520187854767	0	kw0x5 kw0x2 kw0x5 kw0x0 kw0x1
e00000933	alpha	1760000933000	c2	0.033893197774887085	1	kw2x4 kw2x3 kw2x2 kw2x5 kw2x1
e00000934	alpha	1760000934000	c2	0.009690430946648121	0	kw2x3 kw2x4 kw2x4 kw2x2 kw2x5
e00000935	alpha	1760000935000	c6	0.0495600663125515	0	kw6x2 kw6x4 kw6x5 kw6x1 kw6x2
e00000936	alpha	1760000936000	c0	0.004239818546921015	0	kw0x5 kw0x3 kw0x2 kw0x3 kw0x0
e00000937	alpha	1760000937000	c6	0.004316499922424555	0	kw6x3 kw6x2 kw6x2 kw6x4 kw6x3
e00000938	alpha	1760000938000	c0	0.03287898749113083	0	kw0x5 kw0x4 kw0x5 kw0x2 kw0x3
e00000939	alpha	1760000939000	c4	0.03037424199283123	0	kw4x1 kw4x5 kw4x3 kw4x5 kw4x2
e00000940	alpha	1760000940000	c0	0.01494624000042677	0	kw0x5 kw0x2 kw0x1 kw0x3 kw0x5
e00000941	alpha	1760000941000	c6	0.002797404071316123	0	kw6x5 kw6x4 kw6x5 kw6x2 kw6x3
e00000942	alpha	1760000942000	c7	0.010410708375275135	1	kw7x1 kw7x0 kw7x4 kw7x3 kw7x3
e00000943	alpha	1760000943000	c0	0.04354604333639145	0	kw0x0 kw0x0 kw0x4 kw0x2 kw0x1
e00000944	alpha	1760000944000	c0	0.032240983098745346	0	kw0x4 kw0x4 kw0x2 kw0x5 kw0x2
e00000945	alpha	1760000945000	c0	0.026951057836413383	0	kw0x0 kw0x2 kw0x0 kw0x2 kw0x1
e00000946	alpha	1760000946000	c1	0.005402413196861744	0	kw1x4 kw1x5 kw1x5 kw1x3 kw1x2
e00000947	alpha	1760000947000	c0	0.009813815355300903	0	kw0x0 kw0x5 kw0x3 kw0x3 kw0x1
e00000948	alpha	1760000948000	c3	0.02934441901743412	0	kw3x5 kw3x2 kw3x1 kw3x3 kw3x5
e00000949	alpha	1760000949000	c3	0.007785832975059748	1	kw3x1 kw3x3 kw3x1 kw3x0 kw3x1
e00000950	alpha	1760000950000	c0	0.00004162490586168133	0	kw0x4 kw0x4 kw0x0 kw0x4 kw0x3
e00000951	alpha	1760000951000	c0	0.027022013440728188	0	kw0x0 kw0x2 kw0x0 kw0x0 kw0x0
e00000952	alpha	1760000952000	c0	0.010021448135375977	0	kw0x0 kw0x1 kw0x1 kw0x4 kw0x4
e00000953	alpha	1760000953000	c0	0.04064151644706726	0	kw0x5 kw0x0 kw0x4 kw0x3 kw0x5
e00000954	alpha	1760000954000	c0	0.024018405005335808	0	kw0x1 kw0x1 kw0x2 kw0x1 kw0x1
e00000955	alpha	1760000955000	c3	0.0007927954429760575	0	kw3x0 kw3x3 kw3x0 kw3x3 kw3x5
e00000956	alpha	1760000956000	c4	0.029134515672922134	0	kw4x4 kw4x3 kw4x2 kw4x2 kw4x5
e00000957	alpha	1760000957000	c0	0.008330494165420532	0	kw0x3 kw0x3 kw0x0 kw0x3 kw0x4
e00000958	alpha	1760000958000	c7	0.011139151640236378	0	kw7x4 kw7x1 kw7x3 kw7x5 kw7x5
e00000959	alpha	1760000959000	c2	0.007187798619270325	0	kw2x2 kw2x5 kw2x1 kw2x0 kw2x4
e00000960	alpha	1760000960000	c0	0.013669989071786404	0	kw0x5 kw0x0 kw0x5 kw0x3 kw0x3
e00000961	alpha	1760000961000	c0	0.013620644807815552	0	kw0x3 kw0x1 kw0x1 kw0x2 kw0x5
e00000962	alpha	1760000962000	c2	0.0239704679697752	0	kw2x0 kw2x1 kw2x2 kw2x1 kw2x4
e00000963	alpha	1760000963000	c7	0.003374013351276517	0	kw7x4 kw7x1 kw7x1 kw7x0 kw7x2
e00000964	alpha	1760000964000	c0	0.021155044436454773	0	kw0x3 kw0x5 kw0x5 kw0x0 kw0x2
e00000965	alpha	1760000965000	c3	0.023511353880167007	1	kw3x3 kw3x0 kw3x4 kw3x5 kw3x4
e00000966	alpha	1760000966000	c1	0.01403104979544878	0	kw1x3 kw1x0 kw1x0 kw1x3 kw1x2
e00000967	alpha	1760000967000	c2	0.027478763833642006	0	kw2x4 kw2x5 kw2x5 kw2x5 kw2x3
e00000968	alpha	1760000968000	c0	0.0053939553909003735	0	kw0x2 kw0x4 kw0x1 kw0x3 kw0x2
e00000969	alpha	1760000969000	c0	0.014092260971665382	0	kw0x0 kw0x1 kw0x1 kw0x0 kw0x3
e00000970	alpha	1760000970000	c1	0.04907182231545448	0	kw1x0 kw1x2 kw1x5 kw1x0 kw1x0
e00000971	alpha	1760000971000	c2	0.04892643913626671	1	kw2x5 kw2x3 kw2x2 kw2x1 kw2x2
e00000972	alpha	1760000972000	c1	0.0016260802512988448	0	kw1x4 kw1x3 kw1x2 kw1x2 kw1x0
e00000973	alpha	1760000973000	c7	0.002542555332183838	0	kw7x1 kw7x0 kw7x1 kw7x5 kw7x4
e00000974	alpha	1760000974000	c0	0.001312863896600902	1	kw0x2 kw0x3 kw0x3 kw0x5 kw0x4
e00000975	alpha	1760000975000	c2	0.00985006708651781	0	kw2x5 kw2x0 kw2x1 kw2x0 kw2x2
e00000976	alpha	1760000976000	c3	0.018031219020485878	0	kw3x3 kw3x1 kw3x1 kw3x0 kw3x3
e00000977	alpha	1760000977000	c5	0.0356731154024601	0	kw5x3 kw5x4 kw5x2 kw5x1 kw5x1
e00000978	alpha	1760000978000	c4	0.00043820738210342824	0	kw4x3 kw4x2 kw4x4 kw4x0 kw4x1
e00000979	alpha	1760000979000	c1	0.006649720948189497	0	kw1x3 kw1x4 kw1x0 kw1x4 kw1x0
e00000980	alpha	1760000980000	c0	0.005678954999893904	0	kw0x4 kw0x4 kw0x2 kw0x3 kw0x2
e00000981	alpha	1760000981000	c0	0.03451543673872948	0	kw0x2 kw0x3 kw0x2 kw0x3 kw0x5
e00000982	alpha	1760000982000	c2	0.01705366186797619	0	kw2x3 kw2x4 kw2x2 kw2x2 kw2x4
e00000983	alpha	1760000983000	c6	0.037271708250045776	0	kw6x2 kw6x0 kw6x0 kw6x2 kw6x3
e00000984	alpha	1760000984000	c3	0.027099356055259705	0	kw3x2 kw3x1 kw3x1 kw3x0 kw3x0
e00000985	alpha	1760000985000	c6	0.012117845006287098	0	kw6x2 kw6x4 kw6x4 kw6x0 kw6x0
e00000986	alpha	1760000986000	c0	0.024748358875513077	0	kw0x0 kw0x0 kw0x0 kw0x5 kw0x5
e00000987	alpha	1760000987000	c1	0.019220668822526932	0	kw1x4 kw1x4 kw1x2 kw1x4 kw1x3
e00000988	alpha	1760000988000	c0	0.020407482981681824	1	kw0x1 kw0x0 kw0x3 kw0x5 kw0x1
e00000989	alpha	1760000989000	c5	0.0030264498200267553	0	kw5x0 kw5x1 kw5x1 kw5x2 kw5x5
e00000990	alpha	1760000990000	c0	0.00013577044592238963	0	kw0x4 kw0x1 kw0x3 kw0x5 kw0x5
e00000991	alpha	1760000991000	c4	0.016294408589601517	0	kw4x4 kw4x4 kw4x1 kw4x4 kw4x1
e00000992	alpha	1760000992000	c0	0.025578150525689125	0	kw0x4 kw0x4 kw0x1 kw0x3 kw0x2
e00000993	alpha	1760000993000	c2	0.03885466977953911	1	kw2x2 kw2x5 kw2x0 kw2x0 kw2x2
e00000994	alpha	1760000994000	c2	0.011987599544227123	0	kw2x5 kw2x4 kw2x1 kw2x2 kw2x2
e00000995	alpha	1760000995000	c3	0.029075536876916885	0	kw3x3 kw3x1 kw3x0 kw3x1 kw3x1
e00000996	alpha	1760000996000	c4	0.001177543425001204	0	kw4x0 kw4x2 kw4x0 kw4x4 kw4x5
e00000997	alpha	1760000997000	c0	0.015634685754776	0	kw0x5 kw0x0 kw0x0 kw0x0 kw0x4
e00000998	alpha	1760000998000	c1	0.02695372700691223	0	kw1x1 kw1x3 kw1x3 kw1x2 kw1x1
e00000999	alpha	1760000999000	c2	0.0034251154866069555	0	kw2x4 kw2x1 kw2x1 kw2x2 kw2x2
e00001000	alpha	1760001000000	c5	0.01587371528148651	1	kw5x2 kw5x0 kw5x1 kw5x0 kw5x0
e00001001	alpha	1760001001000	c1	0.019060218706727028	0	kw1x2 kw1x0 kw1x0 kw1x3 kw1x4
e00001002	alpha	1760001002000	c2	0.025675177574157715	0	kw2x1 kw2x4 kw2x3 kw2x3 kw2x4
e00001003	alpha	1760001003000	c2	0.04588121920824051	0	kw2x0 kw2x3 kw2x0 kw2x5 kw2x1
e00001004	alpha	1760001004000	c4	0.012944826856255531	0	kw4x4 kw4x0 kw4x1 kw4x0 kw4x1
e00001005	alpha	1760001005000	c3	0.04375102370977402	0	kw3x2 kw3x3 kw3x4 kw3x2 kw3x5
e00001006	alpha	1760001006000	c0	0.034749846905469894	0	kw0x1 kw0x3 kw0x2 kw0x0 kw0x5
e00001007	alpha	1760001007000	c0	0.006399986334145069	0	kw0x1 kw0x3 kw0x0 kw0x0 kw0x0
e00001008	alpha	1760001008000	c0	0.04847858473658562	0	kw0x1 kw0x2 kw0x4 kw0x1 kw0x1
e00001009	alpha	1760001009000	c0	0.018396172672510147	0	kw0x0 kw0x3 kw0x1 kw0x4 kw0x5
e00001010	alpha	1760001010000	c1	0.00580325722694397	0	kw1x4 kw1x4 kw1x5 kw1x1 kw1x3
e00001011	alpha	1760001011000	c5	0.008018619380891323	1	kw5x1 kw5x5 kw5x3 kw5x0 kw5x2
e00001012	alpha	1760001012000	c0	0.01726504974067211	0	kw0x4 kw0x3 kw0x4 kw0x3 kw0x5
e00001013	alpha	1760001013000	c1	0.025529829785227776	1	kw1x0 kw1x3 kw1x0 kw1x1 kw1x4
e00001014	alpha	1760001014000	c4	0.04312201961874962	0	kw4x2 kw4x4 kw4x2 kw4x5 kw4x2
e00001015	alpha	1760001015000	c6	0.0005077958339825273	0	kw6x4 kw6x1 kw6x2 kw6x5 kw6x0
e00001016	alpha	1760001016000	c0	0.046989407390356064	0	kw0x5 kw0x3 kw0x5 kw0x0 kw0x3
e00001017	alpha	1760001017000	c0	0.040887393057346344	0	kw0x4 kw0x1 kw0x0 kw0x2 kw0x5
e00001018	alpha	1760001018000	c7	0.03368539363145828	0	kw7x4 kw7x1 kw7x5 kw7x0 kw7x5
e00001019	alpha	1760001019000	c0	0.022074976935982704	0	kw0x2 kw0x1 kw0x2 kw0x3 kw0x0
e00001020	alpha	1760001020000	c3	0.04580321162939072	0	kw3x4 kw3x2 kw3x2 kw3x4 kw3x2
e00001021	alpha	1760001021000	c4	0.016568034887313843	0	kw4x0 kw4x4 kw4x1 kw4x5 kw4x0
e00001022	alpha	1760001022000	c5	0.0288835559040308	0	kw5x3 kw5x5 kw5x0 kw5x4 kw5x3
e00001023	alpha	1760001023000	c4	0.006047457456588745	0	kw4x5 kw4x5 kw4x2 kw4x0 kw4x0
e00001024	alpha	1760001024000	c0	0.010309773497283459	0	kw0x4 kw0x0 kw0x4 kw0x3 kw0x5
e00001025	alpha	1760001025000	c3	0.040615152567625046	0	kw3x0 kw3x0 kw3x4 kw3x1 kw3x3
e00001026	alpha	1760001026000	c1	0.005406120326370001	0	kw1x5 kw1x5 kw1x1 kw1x5 kw1x3
e00001027	alpha	1760001027000	c0	0.04990712180733681	0	kw0x5 kw0x0 kw0x0 kw0x3 kw0x4
e00001028	alpha	1760001028000	c3	0.01143102627247572	0	kw3x5 kw3x1 kw3x1 kw3x1 kw3x2
e00001029	alpha	1760001029000	c0	0.012850034050643444	0	kw0x0 kw0x0 kw0x2 kw0x2 kw0x1
e00001030	alpha	1760001030000	c6	0.04240681231021881	0	kw6x4 kw6x4 kw6x2 kw6x3 kw6x1
e00001031	alpha	1760001031000	c1	0.03514815494418144	0	kw1x5 kw1x2 kw1x4 kw1x2 kw1x0
e00001032	alpha	1760001032000	c4	0.03467138856649399	0	kw4x3 kw4x3 kw4x5 kw4x4 kw4x5
e00001033	alpha	1760001033000	c0	0.008285686373710632	0	kw0x2 kw0x0 kw0x5 kw0x2 kw0x1
e00001034	alpha	1760001034000	c0	0.04863102734088898	0	kw0x2 kw0x1 kw0x1 kw0x5 kw0x5
e00001035	alpha	1760001035000	c2	0.04665301367640495	1	kw2x4 kw2x1 kw2x3 kw2x3 kw2x5
e00001036	alpha	1760001036000	c5	0.022057607769966125	1	kw5x0 kw5x4 kw5x5 kw5x5 kw5x0
e00001037	alpha	1760001037000	c0	0.0035181224811822176	0	kw0x1 kw0x3 kw0x5 kw0x1 kw0x4
e00001038	alpha	1760001038000	c0	0.03119286708533764	1	kw0x0 kw0x3 kw0x0 kw0x5 kw0x1
e00001039	alpha	1760001039000	c3	0.018236372619867325	0	kw3x4 kw3x5 kw3x1 kw3x2 kw3x0
e00001040	alpha	1760001040000	c0	0.044641654938459396	0	kw0x0 kw0x3 kw0x2 kw0x1 kw0x5
e00001041	alpha	1760001041000	c6	0.030375106260180473	0	kw6x3 kw6x5 kw6x3 kw6x5 kw6x0
e00001042	alpha	1760001042000	c0	0.0020960718393325806	0	kw0x3 kw0x1 kw0x4 kw0x0 kw0x2
e00001043	alpha	1760001043000	c2	0.004967916291207075	0	kw2x0 kw2x2 kw2x3 kw2x2 kw2x4
e00001044	alpha	1760001044000	c4	0.01101212203502655	0	kw4x4 kw4x5 kw4x1 kw4x1 kw4x0
e00001045	alpha	1760001045000	c1	0.046420782804489136	0	kw1x2 kw1x3 kw1x1 kw1x1 kw1x1
e00001046	alpha	1760001046000	c6	0.020137375220656395	0	kw6x0 kw6x1 kw6x0 kw6x4 kw6x1
e00001047	alpha	1760001047000	c2	0.005844810511916876	1	kw2x4 kw2x0 kw2x4 kw2x1 kw2x5
e00001048	alpha	1760001048000	c5	0.04385511204600334	0	kw5x4 kw5x4 kw5x3 kw5x4 kw5x1
e00001049	alpha	1760001049000	c1	0.036895930767059326	0	kw1x1 kw1x2 kw1x5 kw1x4 kw1x0
e00001050	alpha	1760001050000	c3	0.029810354113578796	0	kw3x3 kw3x5 kw3x4 kw3x3 kw3x3
e00001051	alpha	1760001051000	c0	0.029126403853297234	0	kw0x1 kw0x0 kw0x0 kw0x0 kw0x3
e00001052	alpha	1760001052000	c1	0.012682884931564331	0	kw1x1 kw1x4 kw1x0 kw1x3 kw1x1
e00001053	alpha	1760001053000	c1	0.037356626242399216	1	kw1x2 kw1x4 kw1x2 kw1x4 kw1x4
e00001054	alpha	1760001054000	c5	0.009381365962326527	0	kw5x2 kw5x0 kw5x2 kw5x5 kw5x2
e00001055	alpha	1760001055000	c4	0.02555607259273529	0	kw4x3 kw4x1 kw4x0 kw4x3 kw4x5
e00001056	alpha	1760001056000	c5	0.00981673039495945	1	kw5x2 kw5x1 kw5x0 kw5x4 kw5x2
e00001057	alpha	1760001057000	c2	0.036039870232343674	0	kw2x2 kw2x1 kw2x5 kw2x4 kw2x2
e00001058	alpha	1760001058000	c6	0.007459267973899841	0	kw6x4 kw6x0 kw6x4 kw6x4 kw6x3
e00001059	alpha	1760001059000	c1	0.006621641106903553	1	kw1x3 kw1x4 kw1x4 kw1x4 kw1x4
e00001060	alpha	1760001060000	c0	0.03325451910495758	0	kw0x1 kw0x3 kw0x5 kw0x0 kw0x1
e00001061	alpha	1760001061000	c5	0.02899843454360962	0	kw5x1 kw5x2 kw5x1 kw5x3 kw5x3
e00001062	alpha	1760001062000	c0	0.00961180031299591	0	kw0x5 kw0x3 kw0x1 kw0x1 kw0x2
e00001063	alpha	1760001063000	c0	0.04914596676826477	0	kw0x2 kw0x0 kw0x5 kw0x0 kw0x5
e00001064	alpha	1760001064000	c5	0.041746485978364944	0	kw5x3 kw5x1 kw5x3 kw5x5 kw5x2
e00001065	alpha	1760001065000	c0	0.03134753182530403	0	kw0x1 kw0x3 kw0x5 kw0x2 kw0x4
e00001066	alpha	1760001066000	c2	0.04367600008845329	0	kw2x4 kw2x3 kw2x5 kw2x0 kw2x4
e00001067	alpha	1760001067000	c0	0.011350578628480434	0	kw0x3 kw0x4 kw0x0 kw0x2 kw0x3
e00001068	alpha	1760001068000	c4	0.03703806549310684	0	kw4x2 kw4x5 kw4x5 kw4x1 kw4x2
e00001069	alpha	1760001069000	c0	0.0385173000395298	0	kw0x4 kw0x2 kw0x5 kw0x5 kw0x5
e00001070	alpha	1760001070000	c0	0.003521740436553955	0	kw0x2 kw0x1 kw0x5 kw0x5 kw0x0
e00001071	alpha	1760001071000	c2	0.029640665277838707	0	kw2x2 kw2x5 kw2x3 kw2x2 kw2x1
e00001072	alpha	1760001072000	c1	0.024225426837801933	0	kw1x4 kw1x3 kw1x4 kw1x0 kw1x4
e00001073	alpha	1760001073000	c1	0.041000865399837494	0	kw1x5 kw1x4 kw1x2 kw1x5 kw1x2
e00001074	alpha	1760001074000	c0	0.03234124928712845	0	kw0x3 kw0x0 kw0x2 kw0x5 kw0x2
e00001075	alpha	1760001075000	c0	0.04175485298037529	0	kw0x0 kw0x5 kw0x1 kw0x5 kw0x5
e00001076	alpha	1760001076000	c7	0.011555111967027187	1	kw7x5 kw7x0 kw7x2 kw7x3 kw7x0
e00001077	alpha	1760001077000	c0	0.042261820286512375	0	kw0x3 kw0x4 kw0x4 kw0x5 kw0x2
e00001078	alpha	1760001078000	c4	0.036725159734487534	0	kw4x0 kw4x5 kw4x4 kw4x2 kw4x3
e00001079	alpha	1760001079000	c7	0.007124427240341902	0	kw7x5 kw7x2 kw7x5 kw7x0 kw7x1
e00001080	alpha	1760001080000	c0	0.029459679499268532	0	kw0x2 kw0x2 kw0x3 kw0x0 kw0x1
e00001081	alpha	1760001081000	c0	0.013102523051202297	0	kw0x0 kw0x0 kw0x3 kw0x4 kw0x3
e00001082	alpha	1760001082000	c0	0.026608718559145927	0	kw0x0 kw0x1 kw0x5 kw0x0 kw0x3
e00001083	alpha	1760001083000	c5	0.003908160608261824	0	kw5x1 kw5x3 kw5x2 kw5x4 kw5x4
e00001084	alpha	1760001084000	c2	0.028498992323875427	0	kw2x3 kw2x3 kw2x0 kw2x1 kw2x0
e00001085	alpha	1760001085000	c5	0.031822528690099716	0	kw5x3 kw5x4 kw5x4 kw5x1 kw5x0
e00001086	alpha	1760001086000	c1	0.020348673686385155	0	kw1x5 kw1x0 kw1x3 kw1x2 kw1x2
e00001087	alpha	1760001087000	c0	0.00865250825881958	0	kw0x3 kw0x1 kw0x1 kw0x2 kw0x2
e00001088	alpha	1760001088000	c0	0.043636273592710495	0	kw0x1 kw0x5 kw0x4 kw0x5 kw0x2
e00001089	alpha	1760001089000	c0	0.002182552358135581	0	kw0x5 kw0x3 kw0x5 kw0x2 kw0x2
e00001090	alpha	1760001090000	c0	0.02965708076953888	0	kw0x2 kw0x1 kw0x1 kw0x0 kw0x3
e00001091	alpha	1760001091000	c0	0.043725237250328064	0	kw0x1 kw0x2 kw0x0 kw0x2 kw0x5
e00001092	alpha	1760001092000	c5	0.015104645863175392	1	kw5x1 kw5x4 kw5x4 kw5x3 kw5x0
e00001093	alpha	1760001093000	c5	0.046274907886981964	0	kw5x0 kw5x3 kw5x3 kw5x4 kw5x5
e00001094	alpha	1760001094000	c1	0.041681256145238876	0	kw1x0 kw1x5 kw1x0 kw1x5 kw1x2
e00001095	alpha	1760001095000	c1	0.015219214372336864	1	kw1x1 kw1x5 kw1x3 kw1x1 kw1x0
e00001096	alpha	1760001096000	c1	0.03067706525325775	0	kw1x3 kw1x5 kw1x1 kw1x5 kw1x0
e00001097	alpha	1760001097000	c3	0.0010858684545382857	0	kw3x1 kw3x2 kw3x0 kw3x1 kw3x5
e00001098	alpha	1760001098000	c0	0.0014600306749343872	0	kw0x3 kw0x2 kw0x0 kw0x4 kw0x4
e00001099	alpha	1760001099000	c1	0.03547997772693634	1	kw1x2 kw1x5 kw1x4 kw1x1 kw1x3
e00001100	alpha	1760001100000	c0	0.04463858902454376	0	kw0x0 kw0x3 kw0x2 kw0x4 kw0x4
e00001101	alpha	1760001101000	c0	0.0308570247143507	0	kw0x4 kw0x4 kw0x1 kw0x4 kw0x1
e00001102	alpha	1760001102000	c1	0.0022947967518121004	0	kw1x3 kw1x4 kw1x4 kw1x3 kw1x4
e00001103	alpha	1760001103000	c0	0.048950791358947754	1	kw0x3 kw0x1 kw0x2 kw0x5 kw0x3
e00001104	alpha	1760001104000	c1	0.022935954853892326	0	kw1x3 kw1x0 kw1x0 kw1x0 kw1x0
e00001105	alpha	1760001105000	c0	0.03232801705598831	0	kw0x2 kw0x4 kw0x4 kw0x4 kw0x5
e00001106	alpha	1760001106000	c1	0.0383656807243824	1	kw1x1 kw1x0 kw1x0 kw1x1 kw1x4
e00001107	alpha	1760001107000	c0	0.03484160825610161	0	kw0x2 kw0x2 kw0x4 kw0x0 kw0x0
e00001108	alpha	1760001108000	c1	0.026239512488245964	0	kw1x2 kw1x1 kw1x1 kw1x5 kw1x4
e00001109	alpha	1760001109000	c0	0.02663796953856945	0	kw0x5 kw0x2 kw0x2 kw0x4 kw0x3
e00001110	alpha	1760001110000	c0	0.038965508341789246	0	kw0x3 kw0x5 kw0x4 kw0x1 kw0x0
e00001111	alpha	1760001111000	c1	0.023685459047555923	0	kw1x1 kw1x3 kw1x5 kw1x2 kw1x3
e00001112	alpha	1760001112000	c4	0.024465030059218407	0	kw4x2 kw4x1 kw4x2 kw4x4 kw4x1
e00001113	alpha	1760001113000	c0	0.04198753833770752	0	kw0x1 kw0x3 kw0x2 kw0x1 kw0x2
e00001114	alpha	1760001114000	c1	0.0325176939368248	0	kw1x3 kw1x5 kw1x1 kw1x3 kw1x5
e00001115	alpha	1760001115000	c0	0.03887243941426277	0	kw0x4 kw0x4 kw0x5 kw0x1 kw0x1
e00001116	alpha	1760001116000	c1	0.021962404251098633	0	kw1x1 kw1x1 kw1x4 kw1x5 kw1x0
e00001117	alpha	1760001117000	c2	0.049592163413763046	0	kw2x1 kw2x0 kw2x2 kw2x2 kw2x3
e00001118	alpha	1760001118000	c0	0.012226983904838562	0	kw0x1 kw0x0 kw0x3 kw0x5 kw0x5
e00001119	alpha	1760001119000	c4	0.010718432255089283	0	kw4x3 kw4x1 kw4x1 kw4x5 kw4x3
e00001120	alpha	1760001120000	c1	0.02169306017458439	0	kw1x4 kw1x2 kw1x3 kw1x2 kw1x2
e00001121	alpha	1760001121000	c2	0.000041434170270804316	0	kw2x0 kw2x5 kw2x5 kw2x0 kw2x3
e00001122	alpha	1760001122000	c2	0.023795614019036293	0	kw2x0 kw2x5 kw2x2 kw2x5 kw2x2
e00001123	alpha	1760001123000	c7	0.00494352588430047	0	kw7x2 kw7x5 kw7x2 kw7x3 kw7x2
e00001124	alpha	1760001124000	c4	0.04827989637851715	0	kw4x1 kw4x2 kw4x3 kw4x0 kw4x5
e00001125	alpha	1760001125000	c1	0.03193901479244232	0	kw1x2 kw1x2 kw1x1 kw1x1 kw1x1
e00001126	alpha	1760001126000	c1	0.03187326714396477	0	kw1x3 kw1x1 kw1x3 kw1x0 kw1x4
e00001127	alpha	1760001127000	c3	0.04494602605700493	0	kw3x1 kw3x0 kw3x0 kw3x1 kw3x0
e00001128	alpha	1760001128000	c5	0.03054410219192505	0	kw5x4 kw5x4 kw5x0 kw5x0 kw5x2
e00001129	alpha	1760001129000	c7	0.027515998110175133	0	kw7x0 kw7x0 kw7x3 kw7x3 kw7x2
e00001130	alpha	1760001130000	c1	0.03428041562438011	0	kw1x2 kw1x5 kw1x4 kw1x2 kw1x5
e00001131	alpha	1760001131000	c0	0.0016738086706027389	0	kw0x1 kw0x0 kw0x4 kw0x5 kw0x2
e00001132	alpha	1760001132000	c2	0.03693471848964691	0	kw2x1 kw2x0 kw2x3 kw2x2 kw2x1
e00001133	alpha	1760001133000	c2	0.023259267210960388	1	kw2x1 kw2x0 kw2x4 kw2x4 kw2x1
e00001134	alpha	1760001134000	c1	0.0051625254563987255	0	kw1x3 kw1x1 kw1x5 kw1x4 kw1x1
e00001135	alpha	1760001135000	c0	0.030220583081245422	1	kw0x0 kw0x2 kw0x5 kw0x3 kw0x5
e00001136	alpha	1760001136000	c2	0.0451916940510273	0	kw2x4 kw2x0 kw2x5 kw2x1 kw2x4
e00001137	alpha	1760001137000	c7	0.01621497981250286	0	kw7x2 kw7x1 kw7x4 kw7x2 kw7x3
e00001138	alpha	1760001138000	c0	0.03329097852110863	0	kw0x5 kw0x2 kw0x3 kw0x0 kw0x1
e00001139	alpha	1760001139000	c1	0.023024706169962883	0	kw1x4 kw1x5 kw1x0 kw1x2 kw1x4
e00001140	alpha	1760001140000	c6	0.036572426557540894	1	kw6x4 kw6x3 kw6x4 kw6x1 kw6x3
e00001141	alpha	1760001141000	c0	0.008002877235412598	0	kw0x0 kw0x5 kw0x3 kw0x5 kw0x5
e00001142	alpha	1760001142000	c0	0.027451753616333008	1	kw0x1 kw0x0 kw0x4 kw0x2 kw0x3
e00001143	alpha	1760001143000	c5	0.004020643420517445	0	kw5x2 kw5x2 kw5x2 kw5x5 kw5x4
e00001144	alpha	1760001144000	c0	0.007071831729263067	0	kw0x2 kw0x3 kw0x2 kw0x4 kw0x0
e00001145	alpha	1760001145000	c0	0.030054504051804543	0	kw0x4 kw0x4 kw0x2 kw0x0 kw0x0
e00001146	alpha	1760001146000	c0	0.009641594253480434	0	kw0x3 kw0x0 kw0x0 kw0x3 kw0x4
e00001147	alpha	1760001147000	c5	0.02474181167781353	0	kw5x0 kw5x4 kw5x4 kw5x4 kw5x3
e00001148	alpha	1760001148000	c6	0.038539327681064606	1	kw6x4 kw6x5 kw6x1 kw6x3 kw6x1
e00001149	alpha	1760001149000	c7	0.012435260228812695	0	kw7x1 kw7x2 kw7x4 kw7x5 kw7x5
e00001150	alpha	1760001150000	c7	0.0011794895399361849	0	kw7x4 kw7x3 kw7x1 kw7x5 kw7x4
e00001151	alpha	1760001151000	c4	0.017706332728266716	0	kw4x1 kw4x5 kw4x3 kw4x3 kw4x0
e00001152	alpha	1760001152000	c0	0.034358080476522446	0	kw0x0 kw0x4 kw0x4 kw0x4 kw0x3
e00001153	alpha	1760001153000	c7	0.033889491111040115	0	kw7x0 kw7x1 kw7x4 kw7x5 kw7x2
e00001154	alpha	1760001154000	c3	0.025731191039085388	0	kw3x1 kw3x5 kw3x2 kw3x3 kw3x4
e00001155	alpha	1760001155000	c0	0.03972167894244194	0	kw0x4 kw0x5 kw0x3 kw0x2 kw0x2
e00001156	alpha	1760001156000	c0	0.04936997592449188	0	kw0x0 kw0x5 kw0x0 kw0x3 kw0x5
e00001157	alpha	1760001157000	c4	0.0059255692176520824	0	kw4x4 kw4x3 kw4x3 kw4x1 kw4x5
e00001158	alpha	1760001158000	c1	0.041407473385334015	0	kw1x5 kw1x0 kw1x0 kw1x1 kw1x3
e00001159	alpha	1760001159000	c2	0.032324761152267456	1	kw2x4 kw2x2 kw2x4 kw2x1 kw2x2
e00001160	alpha	1760001160000	c5	0.023301322013139725	0	kw5x4 kw5x3 kw5x4 kw5x3 kw5x0
e00001161	alpha	1760001161000	c0	0.011076301336288452	0	kw0x1 kw0x5 kw0x2 kw0x4 kw0x0
e00001162	alpha	1760001162000	c0	0.007040986325591803	0	kw0x0 kw0x4 kw0x3 kw0x0 kw0x2
e00001163	alpha	1760001163000	c2	0.005137029569596052	0	kw2x5 kw2x2 kw2x2 kw2x1 kw2x2
e00001164	alpha	1760001164000	c3	0.01726730540394783	0	kw3x5 kw3x0 kw3x3 kw3x0 kw3x4
e00001165	alpha	1760001165000	c1	0.037246283143758774	0	kw1x0 kw1x0 kw1x5 kw1x3 kw1x2
e00001166	alpha	1760001166000	c0	0.02808583341538906	0	kw0x3 kw0x1 kw0x4 kw0x3 kw0x0
e00001167	alpha	1760001167000	c4	0.03060029447078705	1	kw4x0 kw4x4 kw4x1 kw4x0 kw4x0
e00001168	alpha	1760001168000	c1	0.003228056477382779	1	kw1x0 kw1x2 kw1x1 kw1x5 kw1x3
e00001169	alpha	1760001169000	c0	0.009956580586731434	1	kw0x4 kw0x0 kw0x0 kw0x4 kw0x0
e00001170	alpha	1760001170000	c1	0.013968062587082386	0	kw1x1 kw1x0 kw1x2 kw1x2 kw1x0
e00001171	alpha	1760001171000	c1	0.015139410272240639	0	kw1x2 kw1x4 kw1x0 kw1x0 kw1x0
e00001172	alpha	1760001172000	c0	0.01060234010219574	0	kw0x0 kw0x0 kw0x2 kw0x5 kw0x4
e00001173	alpha	1760001173000	c4	0.01879006065428257	0	kw4x3 kw4x2 kw4x2 kw4x5 kw4x1
e00001174	alpha	1760001174000	c0	0.03380958363413811	1	kw0x4 kw0x4 kw0x1 kw0x0 kw0x3
e00001175	alpha	1760001175000	c0	0.029119044542312622	0	kw0x3 kw0x1 kw0x2 kw0x0 kw0x5
e00001176	alpha	1760001176000	c0	0.041037049144506454	0	kw0x1 kw0x0 kw0x3 kw0x3 kw0x5
e00001177	alpha	1760001177000	c5	0.04914013668894768	0	kw5x5 kw5x5 kw5x1 kw5x4 kw5x1
e00001178	alpha	1760001178000	c1	0.005496534984558821	0	kw1x1 kw1x0 kw1x4 kw1x0 kw1x1
e00001179	alpha	1760001179000	c2	0.02007806859910488	0	kw2x3 kw2x5 kw2x1 kw2x4 kw2x4
e00001180	alpha	1760001180000	c0	0.010155811905860901	0	kw0x0 kw0x3 kw0x1 kw0x2 kw0x0
e00001181	alpha	1760001181000	c7	0.02908737026154995	0	kw7x1 kw7x0 kw7x4 kw7x1 kw7x4
e00001182	alpha	1760001182000	c2	0.025113239884376526	0	kw2x4 kw2x3 kw2x1 kw2x5 kw2x0
e00001183	alpha	1760001183000	c0	0.04041161760687828	1	kw0x4 kw0x4 kw0x5 kw0x3 kw0x4
e00001184	alpha	1760001184000	c0	0.026686495169997215	0	kw0x0 kw0x5 kw0x2 kw0x1 kw0x5
e00001185	alpha	1760001185000	c1	0.04105176776647568	0	kw1x1 kw1x5 kw1x5 kw1x1 kw1x3
e00001186	alpha	1760001186000	c0	0.047338053584098816	0	kw0x1 kw0x1 kw0x0 kw0x4 kw0x4
e00001187	alpha	1760001187000	c2	0.0243899654597044	0	kw2x5 kw2x4 kw2x4 kw2x1 kw2x4
e00001188	alpha	1760001188000	c1	0.000555491482373327	0	kw1x5 kw1x2 kw1x5 kw1x0 kw1x5
e00001189	alpha	1760001189000	c1	0.02111630141735077	0	kw1x1 kw1x0 kw1x0 kw1x0 kw1x2
e00001190	alpha	1760001190000	c3	0.012947526760399342	0	kw3x5 kw3x2 kw3x4 kw3x1 kw3x5
e00001191	alpha	1760001191000	c0	0.008924245834350586	0	kw0x0 kw0x3 kw0x5 kw0x5 kw0x3
e00001192	alpha	1760001192000	c7	0.02229399047791958	0	kw7x1 kw7x4 kw7x1 kw7x0 kw7x5
e00001193	alpha	1760001193000	c6	0.030298814177513123	0	kw6x4 kw6x4 kw6x5 kw6x2 kw6x5
e00001194	alpha	1760001194000	c0	0.0317872017621994	0	kw0x2 kw0x0 kw0x5 kw0x0 kw0x1
e00001195	alpha	1760001195000	c0	0.0015116840368136764	0	kw0x2 kw0x5 kw0x0 kw0x5 kw0x4
e00001196	alpha	1760001196000	c1	0.01848776452243328	0	kw1x5 kw1x0 kw1x5 kw1x1 kw1x4
e00001197	alpha	1760001197000	c3	0.02828737534582615	0	kw3x0 kw3x5 kw3x0 kw3x5 kw3x3
e00001198	alpha	1760001198000	c3	0.012085161171853542	0	kw3x5 kw3x0 kw3x2 kw3x4 kw3x4
e00001199	alpha	1760001199000	c0	0.019521793350577354	0	kw0x3 kw0x4 kw0x0 kw0x3 kw0x3
e00001200	alpha	1760001200000	c1	0.03919431194663048	0	kw1x2 kw1x1 kw1x2 kw1x3 kw1x2
e00001201	alpha	1760001201000	c2	0.018577108159661293	0	kw2x3 kw2x3 kw2x2 kw2x2 kw2x2
e00001202	alpha	1760001202000	c2	0.028688644990324974	0	kw2x0 kw2x4 kw2x3 kw2x0 kw2x5
e00001203	alpha	1760001203000	c7	0.02829068712890148	0	kw7x5 kw7x2 kw7x2 kw7x4 kw7x2
e00001204	alpha	1760001204000	c0	0.0306120403110981	0	kw0x5 kw0x0 kw0x2 kw0x2 kw0x2
e00001205	alpha	1760001205000	c1	0.03277738764882088	0	kw1x4 kw1x1 kw1x1 kw1x2 kw1x4
e00001206	alpha	1760001206000	c0	0.006158021278679371	0	kw0x2 kw0x0 kw0x3 kw0x2 kw0x5
e00001207	alpha	1760001207000	c2	0.009842422790825367	0	kw2x5 kw2x3 kw2x0 kw2x4 kw2x2
e00001208	alpha	1760001208000	c3	0.02131982520222664	0	kw3x2 kw3x3 kw3x4 kw3x0 kw3x5
e00001209	alpha	1760001209000	c4	0.0004441172059159726	0	kw4x3 kw4x2 kw4x2 kw4x0 kw4x3
e00001210	alpha	1760001210000	c1	0.0030145407654345036	0	kw1x1 kw1x2 kw1x4 kw1x4 kw1x1
e00001211	alpha	1760001211000	c0	0.0410686619579792	0	kw0x1 kw0x4 kw0x3 kw0x4 kw0x3
e00001212	alpha	1760001212000	c3	0.011229089461266994	0	kw3x3 kw3x0 kw3x3 kw3x2 kw3x0
e00001213	alpha	1760001213000	c1	0.0009504228946752846	0	kw1x1 kw1x0 kw1x4 kw1x3 kw1x0
e00001214	alpha	1760001214000	c0	0.021625462919473648	0	kw0x3 kw0x3 kw0x0 kw0x0 kw0x2
e00001215	alpha	1760001215000	c1	0.01717274822294712	0	kw1x4 kw1x5 kw1x0 kw1x3 kw1x1
e00001216	alpha	1760001216000	c0	0.043894652277231216	0	kw0x0 kw0x2 kw0x5 kw0x2 kw0x3
e00001217	alpha	1760001217000	c1	0.02898578904569149	1	kw1x4 kw1x4 kw1x4 kw1x4 kw1x0
e00001218	alpha	1760001218000	c4	0.0010861129267141223	1	kw4x1 kw4x4 kw4x3 kw4x0 kw4x2
e00001219	alpha	1760001219000	c2	0.011124140582978725	0	kw2x0 kw2x3 kw2x1 kw2x2 kw2x2
e00001220	alpha	1760001220000	c2	0.01828409731388092	0	kw2x0 kw2x0 kw2x0 kw2x0 kw2x1
e00001221	alpha	1760001221000	c4	0.047806914895772934	1	kw4x2 kw4x0 kw4x0 kw4x4 kw4x4
e00001222	alpha	1760001222000	c1	0.037969719618558884	0	kw1x5 kw1x2 kw1x3 kw1x0 kw1x3
e00001223	alpha	1760001223000	c0	0.0032174289226531982	0	kw0x4 kw0x5 kw0x4 kw0x0 kw0x4
e00001224	alpha	1760001224000	c0	0.0034839212894439697	0	kw0x0 kw0x5 kw0x4 kw0x3 kw0x1
e00001225	alpha	1760001225000	c0	0.017726877704262733	0	kw0x3 kw0x3 kw0x5 kw0x4 kw0x3
e00001226	alpha	1760001226000	c1	0.04437689483165741	0	kw1x0 kw1x2 kw1x5 kw1x0 kw1x1
e00001227	alpha	1760001227000	c0	0.02367432415485382	0	kw0x2 kw0x1 kw0x1 kw0x4 kw0x3
e00001228	alpha	1760001228000	c0	0.015750786289572716	1	kw0x4 kw0x3 kw0x2 kw0x1 kw0x5
e00001229	alpha	1760001229000	c2	0.02615966461598873	0	kw2x1 kw2x4 kw2x2 kw2x0 kw2x5
e00001230	alpha	1760001230000	c4	0.011871295981109142	1	kw4x5 kw4x2 kw4x1 kw4x1 kw4x4
e00001231	alpha	1760001231000	c0	0.01808975636959076	0	kw0x3 kw0x0 kw0x1 kw0x5 kw0x3
e00001232	alpha	1760001232000	c0	0.03454086557030678	0	kw0x0 kw0x5 kw0x2 kw0x4 kw0x3
e00001233	alpha	1760001233000	c1	0.007016521878540516	0	kw1x1 kw1x1 kw1x2 kw1x4 kw1x4
e00001234	alpha	1760001234000	c0	0.019514529034495354	0	kw0x4 kw0x0 kw0x3 kw0x2 kw0x1
e00001235	alpha	1760001235000	c0	0.002437639283016324	0	kw0x1 kw0x2 kw0x4 kw0x1 kw0x2
e00001236	alpha	1760001236000	c0	0.0393400602042675	0	kw0x4 kw0x3 kw0x3 kw0x4 kw0x1
e00001237	alpha	1760001237000	c0	0.014956689439713955	0	kw0x0 kw0x5 kw0x1 kw0x3 kw0x5
e00001238	alpha	1760001238000	c0	0.020442916080355644	0	kw0x3 kw0x2 kw0x2 kw0x3 kw0x4
e00001239	alpha	1760001239000	c7	0.011400076560676098	0	kw7x1 kw7x0 kw7x5 kw7x4 kw7x0
e00001240	alpha	1760001240000	c2	0.030867431312799454	0	kw2x2 kw2x4 kw2x1 kw2x0 kw2x1
e00001241	alpha	1760001241000	c7	0.022203726693987846	0	kw7x2 kw7x5 kw7x3 kw7x2 kw7x5
e00001242	alpha	1760001242000	c2	0.00887061096727848	1	kw2x1 kw2x2 kw2x0 kw2x5 kw2x4
e00001243	alpha	1760001243000	c6	0.030113855376839638	0	kw6x2 kw6x0 kw6x1 kw6x5 kw6x4
e00001244	alpha	1760001244000	c0	0.0053883823566138744	0	kw0x0 kw0x2 kw0x0 kw0x2 kw0x0
e00001245	alpha	1760001245000	c7	0.014850023202598095	0	kw7x3 kw7x0 kw7x5 kw7x2 kw7x1
e00001246	alpha	1760001246000	c0	0.036334551870822906	0	kw0x0 kw0x3 kw0x4 kw0x3 kw0x5
e00001247	alpha	1760001247000	c0	0.019951364025473595	0	kw0x5 kw0x2 kw0x1 kw0x5 kw0x3
e00001248	alpha	1760001248000	c0	0.04497945308685303	0	kw0x5 kw0x2 kw0x4 kw0x0 kw0x3
e00001249	alpha	1760001249000	c0	0.034563008695840836	0	kw0x4 kw0x0 kw0x4 kw0x5 kw0x3
e00001250	alpha	1760001250000	c0	0.037084080278873444	0	kw0x0 kw0x0 kw0x5 kw0x3 kw0x4
e00001251	alpha	1760001251000	c5	0.035380177199840546	0	kw5x0 kw5x1 kw5x5 kw5x1 kw5x5
e00001252	alpha	1760001252000	c1	0.040114399045705795	0	kw1x3 kw1x2 kw1x2 kw1x5 kw1x0
e00001253	alpha	1760001253000	c4	0.0125644002109766	0	kw4x2 kw4x4 kw4x3 kw4x4 kw4x2
e00001254	alpha	1760001254000	c3	0.013795259408652782	0	kw3x4 kw3x4 kw3x5 kw3x2 kw3x0
e00001255	alpha	1760001255000	c2	0.039742615073919296	0	kw2x5 kw2x3 kw2x0 kw2x0 kw2x1
e00001256	alpha	1760001256000	c4	0.033948931843042374	0	kw4x5 kw4x2 kw4x4 kw4x3 kw4x3
e00001257	alpha	1760001257000	c2	0.015276426449418068	0	kw2x2 kw2x4 kw2x1 kw2x4 kw2x4
e00001258	alpha	1760001258000	c2	0.023954270407557487	0	kw2x1 kw2x4 kw2x5 kw2x3 kw2x1
e00001259	alpha	1760001259000	c0	0.007393440697342157	0	kw0x0 kw0x2 kw0x0 kw0x1 kw0x1
e00001260	alpha	1760001260000	c2	0.00255607976578176	0	kw2x1 kw2x2 kw2x3 kw2x0 kw2x5
e00001261	alpha	1760001261000	c6	0.036476656794548035	0	kw6x4 kw6x2 kw6x4 kw6x1 kw6x1
e00001262	alpha	1760001262000	c0	0.018922457471489906	0	kw0x5 kw0x5 kw0x5 kw0x4 kw0x4
e00001263	alpha	1760001263000	c0	0.04328693076968193	0	kw0x3 kw0x1 kw0x0 kw0x3 kw0x1
e00001264	alpha	1760001264000	c0	0.031404849141836166	0	kw0x4 kw0x2 kw0x2 kw0x1 kw0x1
e00001265	alpha	1760001265000	c0	0.038174569606781006	0	kw0x3 kw0x4 kw0x1 kw0x3 kw0x0
e00001266	alpha	1760001266000	c0	0.00714604277163744	0	kw0x5 kw0x1 kw0x5 kw0x1 kw0x3
e00001267	alpha	1760001267000	c0	0.008423134684562683	0	kw0x0 kw0x1 kw0x0 kw0x3 kw0x1
e00001268	alpha	1760001268000	c0	0.03541754186153412	0	kw0x5 kw0x1 kw0x0 kw0x5 kw0x4
e00001269	alpha	1760001269000	c0	0.04941985383629799	0	kw0x5 kw0x0 kw0x2 kw0x5 kw0x2
e00001270	alpha	1760001270000	c2	0.034606024622917175	0	kw2x5 kw2x2 kw2x3 kw2x2 kw2x1
e00001271	alpha	1760001271000	c2	0.02632192336022854	0	kw2x4 kw2x3 kw2x0 kw2x1 kw2x3
e00001272	alpha	1760001272000	c1	0.007347768638283014	0	kw1x3 kw1x1 kw1x4 kw1x4 kw1x4
e00001273	alpha	1760001273000	c0	0.022041985765099525	0	kw0x1 kw0x3 kw0x5 kw0x3 kw0x5
e00001274	alpha	1760001274000	c3	0.0017139673000201583	0	kw3x4 kw3x5 kw3x5 kw3x2 kw3x5
e00001275	alpha	1760001275000	c7	0.008007729426026344	0	kw7x3 kw7x5 kw7x2 kw7x1 kw7x4
e00001276	alpha	1760001276000	c4	0.01594914309680462	0	kw4x4 kw4x5 kw4x4 kw4x5 kw4x3
e00001277	alpha	1760001277000	c7	0.0430384986102581	0	kw7x5 kw7x4 kw7x5 kw7x4 kw7x3
e00001278	alpha	1760001278000	c2	0.03792610391974449	0	kw2x2 kw2x1 kw2x4 kw2x0 kw2x2
e00001279	alpha	1760001279000	c0	0.045676250010728836	0	kw0x1 kw0x0 kw0x1 kw0x5 kw0x0
e00001280	alpha	1760001280000	c0	0.04918290674686432	1	kw0x3 kw0x1 kw0x0 kw0x5 kw0x4
e00001281	alpha	1760001281000	c2	0.032155394554138184	1	kw2x1 kw2x1 kw2x5 kw2x2 kw2x2
e00001282	alpha	1760001282000	c3	0.002031150506809354	0	kw3x4 kw3x4 kw3x5 kw3x4 kw3x1
e00001283	alpha	1760001283000	c7	0.03784843906760216	0	kw7x0 kw7x3 kw7x2 kw7x0 kw7x1
e00001284	alpha	1760001284000	c2	0.026114104315638542	0	kw2x3 kw2x1 kw2x0 kw2x0 kw2x0
e00001285	alpha	1760001285000	c7	0.013935202732682228	0	kw7x5 kw7x0 kw7x1 kw7x2 kw7x4
e00001286	alpha	1760001286000	c3	0.028520746156573296	0	kw3x0 kw3x0 kw3x1 kw3x2 kw3x2
e00001287	alpha	1760001287000	c1	0.029322490096092224	0	kw1x3 kw1x4 kw1x3 kw1x3 kw1x3
e00001288	alpha	1760001288000	c0	0.036528315395116806	0	kw0x4 kw0x3 kw0x0 kw0x4 kw0x3
e00001289	alpha	1760001289000	c4	0.04814460873603821	1	kw4x0 kw4x3 kw4x4 kw4x4 kw4x1
e00001290	alpha	1760001290000	c4	0.006037095095962286	0	kw4x5 kw4x0 kw4x0 kw4x1 kw4x3
e00001291	alpha	1760001291000	c7	0.007467135787010193	0	kw7x5 kw7x4 kw7x4 kw7x5 kw7x0
e00001292	alpha	1760001292000	c7	0.01608189009130001	0	kw7x5 kw7x1 kw7x1 kw7x0 kw7x3
e00001293	alpha	1760001293000	c6	0.010731699876487255	1	kw6x4 kw6x5 kw6x3 kw6x1 kw6x4
e00001294	alpha	1760001294000	c1	0.04666045308113098	0	kw1x1 kw1x3 kw1x1 kw1x3 kw1x4
e00001295	alpha	1760001295000	c0	0.012012562714517117	0	kw0x5 kw0x1 kw0x1 kw0x2 kw0x5
e00001296	alpha	1760001296000	c3	0.01349349319934845	0	kw3x4 kw3x4 kw3x4 kw3x0 kw3x3
e00001297	alpha	1760001297000	c0	0.030017316341400146	1	kw0x2 kw0x5 kw0x4 kw0x1 kw0x0
e00001298	alpha	1760001298000	c4	0.048015519976615906	1	kw4x2 kw4x2 kw4x4 kw4x2 kw4x3
e00001299	alpha	1760001299000	c1	0.04429458826780319	0	kw1x2 kw1x4 kw1x5 kw1x4 kw1x0
e00001300	alpha	1760001300000	c2	0.04406571388244629	0	kw2x5 kw2x1 kw2x4 kw2x5 kw2x3
e00001301	alpha	1760001301000	c1	0.017214477062225342	0	kw1x5 kw1x0 kw1x1 kw1x3 kw1x3
e00001302	alpha	1760001302000	c1	0.019892221316695213	1	kw1x5 kw1x5 kw1x0 kw1x3 kw1x1
e00001303	alpha	1760001303000	c2	0.014666030183434486	0	kw2x3 kw2x4 kw2x2 kw2x2 kw2x3
e00001304	alpha	1760001304000	c5	0.010348918847739697	0	kw5x1 kw5x4 kw5x1 kw5x1 kw5x3
e00001305	alpha	1760001305000	c0	0.015335467644035816	0	kw0x5 kw0x2 kw0x4 kw0x4 kw0x1
e00001306	alpha	1760001306000	c0	0.007001486606895924	0	kw0x4 kw0x3 kw0x1 kw0x5 kw0x1
e00001307	alpha	1760001307000	c2	0.009161710739135742	0	kw2x5 kw2x1 kw2x5 kw2x2 kw2x2
e00001308	alpha	1760001308000	c1	0.032003190368413925	0	kw1x1 kw1x3 kw1x2 kw1x1 kw1x4
e00001309	alpha	1760001309000	c2	0.04628261178731918	0	kw2x1 kw2x2 kw2x0 kw2x4 kw2x1
e00001310	alpha	1760001310000	c6	0.015190258622169495	1	kw6x1 kw6x2 kw6x2 kw6x5 kw6x2
e00001311	alpha	1760001311000	c6	0.022529512643814087	0	kw6x5 kw6x5 kw6x4 kw6x2 kw6x1
e00001312	alpha	1760001312000	c6	0.008000618778169155	0	kw6x4 kw6x1 kw6x5 kw6x1 kw6x5
e00001313	alpha	1760001313000	c0	0.017153048887848854	0	kw0x5 kw0x2 kw0x3 kw0x4 kw0x5
e00001314	alpha	1760001314000	c3	0.0054345340467989445	0	kw3x3 kw3x0 kw3x2 kw3x1 kw3x5
e00001315	alpha	1760001315000	c1	0.03995281085371971	1	kw1x5 kw1x3 kw1x2 kw1x5 kw1x3
e00001316	alpha	1760001316000	c4	0.00032678843126632273	1	kw4x4 kw4x0 kw4x2 kw4x5 kw4x3
e00001317	alpha	1760001317000	c3	0.028371626511216164	0	kw3x0 kw3x2 kw3x0 kw3x3 kw3x4
e00001318	alpha	1760001318000	c0	0.04194336757063866	0	kw0x3 kw0x0 kw0x0 kw0x2 kw0x1
e00001319	alpha	1760001319000	c5	0.038364436477422714	0	kw5x3 kw5x0 kw5x3 kw5x0 kw5x5
e00001320	alpha	1760001320000	c6	0.014741003513336182	1	kw6x5 kw6x4 kw6x0 kw6x5 kw6x5
e00001321	alpha	1760001321000	c7	0.005334815476089716	0	kw7x1 kw7x3 kw7x4 kw7x4 kw7x3
e00001322	alpha	1760001322000	c0	0.04117409512400627	0	kw0x0 kw0x2 kw0x4 kw0x4 kw0x2
e00001323	alpha	1760001323000	c7	0.04762595519423485	1	kw7x5 kw7x3 kw7x5 kw7x0 kw7x5
e00001324	alpha	1760001324000	c1	0.03917188197374344	0	kw1x3 kw1x3 kw1x5 kw1x2 kw1x5
e00001325	alpha	1760001325000	c4	0.021147577092051506	0	kw4x2 kw4x4 kw4x5 kw4x4 kw4x1
e00001326	alpha	1760001326000	c0	0.019311202690005302	0	kw0x0 kw0x1 kw0x0 kw0x4 kw0x2
e00001327	alpha	1760001327000	c1	0.02290739119052887	0	kw1x2 kw1x4 kw1x5 kw1x1 kw1x5
e00001328	alpha	1760001328000	c0	0.04549271613359451	0	kw0x2 kw0x4 kw0x0 kw0x4 kw0x2
e00001329	alpha	1760001329000	c0	0.012220293283462524	0	kw0x1 kw0x1 kw0x2 kw0x2 kw0x0
e00001330	alpha	1760001330000	c0	0.024851037189364433	0	kw0x1 kw0x2 kw0x4 kw0x2 kw0x0
e00001331	alpha	1760001331000	c1	0.03206031024456024	0	kw1x4 kw1x5 kw1x1 kw1x1 kw1x1
e00001332	alpha	1760001332000	c2	0.028269384056329727	0	kw2x4 kw2x1 kw2x1 kw2x4 kw2x3
e00001333	alpha	1760001333000	c0	0.01804688386619091	0	kw0x1 kw0x5 kw0x5 kw0x3 kw0x5
e00001334	alpha	1760001334000	c2	0.0010991096496582031	0	kw2x1 kw2x1 kw2x5 kw2x5 kw2x4
e00001335	alpha	1760001335000	c0	0.04544492065906525	0	kw0x4 kw0x3 kw0x1 kw0x1 kw0x0
e00001336	alpha	1760001336000	c1	0.03549830615520477	0	kw1x0 kw1x0 kw1x0 kw1x5 kw1x2
e00001337	alpha	1760001337000	c7	0.02478693425655365	0	kw7x5 kw7x1 kw7x4 kw7x2 kw7x4
e00001338	alpha	1760001338000	c2	0.0006618857732973993	0	kw2x3 kw2x1 kw2x5 kw2x5 kw2x1
e00001339	alpha	1760001339000	c2	0.012484490871429443	1	kw2x4 kw2x2 kw2x5 kw2x5 kw2x5
e00001340	alpha	1760001340000	c0	0.0018724472029134631	1	kw0x1 kw0x0 kw0x0 kw0x5 kw0x0
e00001341	alpha	1760001341000	c0	0.04138944670557976	0	kw0x1 kw0x4 kw0x4 kw0x5 kw0x5
e00001342	alpha	1760001342000	c0	0.01612544059753418	0	kw0x1 kw0x5 kw0x0 kw0x5 kw0x5
e00001343	alpha	1760001343000	c0	0.0498645156621933	0	kw0x3 kw0x4 kw0x4 kw0x1 kw0x1
e00001344	alpha	1760001344000	c0	0.009764301590621471	0	kw0x0 kw0x3 kw0x0 kw0x2 kw0x2
e00001345	alpha	1760001345000	c7	0.024905530735850334	0	kw7x5 kw7x1 kw7x2 kw7x3 kw7x2
e00001346	alpha	1760001346000	c6	0.03347724676132202	0	kw6x3 kw6x4 kw6x5 kw6x1 kw6x1
e00001347	alpha	1760001347000	c0	0.031409937888383865	1	kw0x0 kw0x2 kw0x5 kw0x0 kw0x5
e00001348	alpha	1760001348000	c0	0.039836954325437546	0	kw0x3 kw0x3 kw0x4 kw0x5 kw0x2
e00001349	alpha	1760001349000	c0	0.03535111993551254	0	kw0x4 kw0x5 kw0x0 kw0x4 kw0x3
e00001350	alpha	1760001350000	c1	0.030563876032829285	0	kw1x5 kw1x0 kw1x2 kw1x0 kw1x3
e00001351	alpha	1760001351000	c0	0.012601188383996487	0	kw0x0 kw0x3 kw0x1 kw0x3 kw0x4
e00001352	alpha	1760001352000	c3	0.036462828516960144	0	kw3x0 kw3x3 kw3x5 kw3x3 kw3x4
e00001353	alpha	1760001353000	c7	0.030851079151034355	1	kw7x0 kw7x4 kw7x3 kw7x2 kw7x3
e00001354	alpha	1760001354000	c0	0.0412398986518383	0	kw0x1 kw0x4 kw0x5 kw0x1 kw0x2
e00001355	alpha	1760001355000	c6	0.03941591829061508	0	kw6x2 kw6x3 kw6x1 kw6x2 kw6x0
e00001356	alpha	1760001356000	c4	0.01258918084204197	0	kw4x2 kw4x5 kw4x3 kw4x5 kw4x2
e00001357	alpha	1760001357000	c5	0.041355058550834656	1	kw5x3 kw5x4 kw5x4 kw5x2 kw5x2
e00001358	alpha	1760001358000	c1	0.004609537310898304	1	kw1x1 kw1x4 kw1x2 kw1x5 kw1x2
e00001359	alpha	1760001359000	c0	0.043564777821302414	1	kw0x3 kw0x1 kw0x2 kw0x5 kw0x2
e00001360	alpha	1760001360000	c1	0.04130685329437256	1	kw1x2 kw1x3 kw1x4 kw1x3 kw1x2
e00001361	alpha	1760001361000	c1	0.027933631092309952	0	kw1x5 kw1x3 kw1x0 kw1x2 kw1x2
e00001362	alpha	1760001362000	c1	0.02494143880903721	0	kw1x1 kw1x2 kw1x3 kw1x0 kw1x3
e00001363	alpha	1760001363000	c2	0.011781761422753334	0	kw2x5 kw2x2 kw2x3 kw2x2 kw2x0
e00001364	alpha	1760001364000	c6	0.022609857842326164	0	kw6x5 kw6x1 kw6x3 kw6x3 kw6x4
e00001365	alpha	1760001365000	c1	0.015278831124305725	1	kw1x2 kw1x0 kw1x2 kw1x2 kw1x0
e00001366	alpha	1760001366000	c6	0.04361473023891449	0	kw6x1 kw6x3 kw6x2 kw6x1 kw6x1
e00001367	alpha	1760001367000	c0	0.005481502506881952	0	kw0x2 kw0x0 kw0x1 kw0x5 kw0x0
e00001368	alpha	1760001368000	c1	0.02077277936041355	0	kw1x1 kw1x3 kw1x3 kw1x3 kw1x4
e00001369	alpha	1760001369000	c0	0.0077362060546875	0	kw0x5 kw0x4 kw0x1 kw0x3 kw0x3
e00001370	alpha	1760001370000	c3	0.03175843507051468	0	kw3x0 kw3x5 kw3x3 kw3x5 kw3x2
e00001371	alpha	1760001371000	c7	0.03016425482928753	0	kw7x0 kw7x0 kw7x5 kw7x0 kw7x1
e00001372	alpha	1760001372000	c1	0.024205079302191734	0	kw1x5 kw1x3 kw1x1 kw1x1 kw1x3
e00001373	alpha	1760001373000	c6	0.03499126061797142	0	kw6x5 kw6x4 kw6x3 kw6x3 kw6x3
e00001374	alpha	1760001374000	c0	0.012041488662362099	0	kw0x3 kw0x4 kw0x1 kw0x3 kw0x0
e00001375	alpha	1760001375000	c0	0.03835580497980118	0	kw0x2 kw0x5 kw0x5 kw0x3 kw0x0
e00001376	alpha	1760001376000	c4	0.012383696623146534	0	kw4x2 kw4x3 kw4x3 kw4x5 kw4x1
e00001377	alpha	1760001377000	c0	0.023734886199235916	0	kw0x4 kw0x4 kw0x5 kw0x2 kw0x4
e00001378	alpha	1760001378000	c4	0.01694149151444435	1	kw4x2 kw4x4 kw4x5 kw4x0 kw4x4
e00001379	alpha	1760001379000	c2	0.008392724208533764	0	kw2x1 kw2x5 kw2x0 kw2x4 kw2x3
e00001380	alpha	1760001380000	c3	0.020390456542372704	0	kw3x2 kw3x5 kw3x5 kw3x0 kw3x3
e00001381	alpha	1760001381000	c5	0.02455407753586769	0	kw5x4 kw5x4 kw5x1 kw5x3 kw5x2
e00001382	alpha	1760001382000	c0	0.031785592436790466	0	kw0x5 kw0x2 kw0x5 kw0x2 kw0x1
e00001383	alpha	1760001383000	c1	0.04705004021525383	0	kw1x2 kw1x1 kw1x0 kw1x4 kw1x1
e00001384	alpha	1760001384000	c2	0.047458793967962265	1	kw2x0 kw2x5 kw2x3 kw2x4 kw2x5
e00001385	alpha	1760001385000	c2	0.0026320279575884342	1	kw2x4 kw2x3 kw2x4 kw2x2 kw2x1
e00001386	alpha	1760001386000	c3	0.02821914665400982	0	kw3x3 kw3x2 kw3x5 kw3x2 kw3x5
e00001387	alpha	1760001387000	c1	0.04140830785036087	1	kw1x2 kw1x1 kw1x3 kw1x0 kw1x4
e00001388	alpha	1760001388000	c0	0.024887630715966225	0	kw0x1 kw0x0 kw0x2 kw0x4 kw0x1
e00001389	alpha	1760001389000	c0	0.03536221757531166	0	kw0x4 kw0x3 kw0x3 kw0x1 kw0x4
e00001390	alpha	1760001390000	c2	0.024745894595980644	0	kw2x3 kw2x1 kw2x3 kw2x4 kw2x4
e00001391	alpha	1760001391000	c0	0.013886570930480957	0	kw0x2 kw0x5 kw0x1 kw0x2 kw0x3
e00001392	alpha	1760001392000	c0	0.0031781138386577368	0	kw0x4 kw0x3 kw0x1 kw0x2 kw0x4
e00001393	alpha	1760001393000	c4	0.01982450857758522	0	kw4x3 kw4x3 kw4x2 kw4x1 kw4x0
e00001394	alpha	1760001394000	c2	0.04646002873778343	0	kw2x4 kw2x2 kw2x2 kw2x0 kw2x1
e00001395	alpha	1760001395000	c4	0.049268461763858795	0	kw4x2 kw4x2 kw4x0 kw4x2 kw4x1
e00001396	alpha	1760001396000	c4	0.008649599738419056	0	kw4x3 kw4x3 kw4x1 kw4x3 kw4x1
e00001397	alpha	1760001397000	c4	0.048569876700639725	0	kw4x3 kw4x4 kw4x5 kw4x3 kw4x0
e00001398	alpha	1760001398000	c2	0.024243419989943504	0	kw2x4 kw2x1 kw2x1 kw2x5 kw2x2
e00001399	alpha	1760001399000	c4	0.03357330709695816	1	kw4x3 kw4x1 kw4x4 kw4x3 kw4x4
e00001400	alpha	1760001400000	c2	0.017652997747063637	0	kw2x4 kw2x4 kw2x4 kw2x5 kw2x3
e00001401	alpha	1760001401000	c5	0.004731628578156233	0	kw5x2 kw5x0 kw5x4 kw5x5 kw5x1
e00001402	alpha	1760001402000	c0	0.03618377447128296	0	kw0x4 kw0x0 kw0x2 kw0x5 kw0x5
e00001403	alpha	1760001403000	c5	0.04863797873258591	0	kw5x4 kw5x5 kw5x3 kw5x2 kw5x0
e00001404	alpha	1760001404000	c0	0.04575163871049881	0	kw0x0 kw0x2 kw0x1 kw0x4 kw0x0
e00001405	alpha	1760001405000	c7	0.03277706354856491	1	kw7x3 kw7x3 kw7x2 kw7x5 kw7x1
e00001406	alpha	1760001406000	c1	0.04726612940430641	0	kw1x5 kw1x4 kw1x5 kw1x5 kw1x2
e00001407	alpha	1760001407000	c3	0.0258121769875288	0	kw3x4 kw3x3 kw3x3 kw3x4 kw3x2
e00001408	alpha	1760001408000	c7	0.00313493306748569	0	kw7x3 kw7x2 kw7x2 kw7x4 kw7x2
e00001409	alpha	1760001409000	c2	0.018980655819177628	1	kw2x2 kw2x3 kw2x3 kw2x3 kw2x0
e00001410	alpha	1760001410000	c0	0.0494837760925293	1	kw0x5 kw0x0 kw0x2 kw0x1 kw0x5
e00001411	alpha	1760001411000	c3	0.0388721227645874	0	kw3x4 kw3x0 kw3x3 kw3x3 kw3x2
e00001412	alpha	1760001412000	c0	0.02119405008852482	0	kw0x2 kw0x5 kw0x3 kw0x1 kw0x0
e00001413	alpha	1760001413000	c3	0.0031919570174068213	0	kw3x3 kw3x0 kw3x4 kw3x1 kw3x1
e00001414	alpha	1760001414000	c0	0.0010115683544427156	0	kw0x4 kw0x5 kw0x5 kw0x5 kw0x1
e00001415	alpha	1760001415000	c6	0.020925870165228844	1	kw6x2 kw6x5 kw6x2 kw6x0 kw6x0
e00001416	alpha	1760001416000	c0	0.039668891578912735	0	kw0x1 kw0x3 kw0x5 kw0x4 kw0x5
e00001417	alpha	1760001417000	c3	0.04245489463210106	1	kw3x0 kw3x2 kw3x4 kw3x5 kw3x3
e00001418	alpha	1760001418000	c4	0.008499628864228725	0	kw4x0 kw4x5 kw4x5 kw4x3 kw4x3
e00001419	alpha	1760001419000	c7	0.010411843657493591	0	kw7x3 kw7x5 kw7x2 kw7x0 kw7x5
e00001420	alpha	1760001420000	c7	0.02304680086672306	0	kw7x3 kw7x1 kw7x0 kw7x4 kw7x4
e00001421	alpha	1760001421000	c6	0.0010377437574788928	0	kw6x0 kw6x5 kw6x5 kw6x1 kw6x3
e00001422	alpha	1760001422000	c0	0.008481514640152454	0	kw0x3 kw0x1 kw0x2 kw0x1 kw0x3
e00001423	alpha	1760001423000	c0	0.0029382945504039526	0	kw0x0 kw0x4 kw0x2 kw0x4 kw0x1
e00001424	alpha	1760001424000	c4	0.04780272766947746	1	kw4x3 kw4x3 kw4x3 kw4x3 kw4x4
e00001425	alpha	1760001425000	c4	0.018459666520357132	1	kw4x0 kw4x5 kw4x1 kw4x0 kw4x3
e00001426	alpha	1760001426000	c3	0.03311079367995262	0	kw3x0 kw3x3 kw3x2 kw3x4 kw3x5
e00001427	alpha	1760001427000	c2	0.03940262272953987	0	kw2x4 kw2x0 kw2x0 kw2x4 kw2x5
e00001428	alpha	1760001428000	c6	0.0033677727915346622	1	kw6x0 kw6x3 kw6x1 kw6x5 kw6x1
e00001429	alpha	1760001429000	c2	0.005277588963508606	0	kw2x5 kw2x2 kw2x2 kw2x4 kw2x4
e00001430	alpha	1760001430000	c1	0.0316837839782238	0	kw1x5 kw1x4 kw1x3 kw1x5 kw1x4
e00001431	alpha	1760001431000	c0	0.017699716612696648	0	kw0x4 kw0x4 kw0x3 kw0x5 kw0x1
e00001432	alpha	1760001432000	c4	0.048206131905317307	0	kw4x3 kw4x5 kw4x0 kw4x0 kw4x0
e00001433	alpha	1760001433000	c1	0.04493701085448265	1	kw1x0 kw1x5 kw1x0 kw1x0 kw1x1
e00001434	alpha	1760001434000	c2	0.0025861263275146484	0	kw2x5 kw2x0 kw2x1 kw2x4 kw2x4
e00001435	alpha	1760001435000	c6	0.028832290321588516	0	kw6x1 kw6x2 kw6x4 kw6x5 kw6x2
e00001436	alpha	1760001436000	c0	0.0418054535984993	0	kw0x0 kw0x2 kw0x4 kw0x4 kw0x2
e00001437	alpha	1760001437000	c4	0.03940608724951744	0	kw4x1 kw4x2 kw4x1 kw4x0 kw4x2
e00001438	alpha	1760001438000	c0	0.005619335453957319	0	kw0x4 kw0x1 kw0x4 kw0x0 kw0x1
e00001439	alpha	1760001439000	c0	0.02779107168316841	0	kw0x5 kw0x0 kw0x1 kw0x2 kw0x0
e00001440	alpha	1760001440000	c2	0.010019483976066113	0	kw2x3 kw2x0 kw2x1 kw2x2 kw2x4
e00001441	alpha	1760001441000	c1	0.04191812500357628	0	kw1x3 kw1x1 kw1x3 kw1x5 kw1x4
e00001442	alpha	1760001442000	c1	0.040241919457912445	0	kw1x3 kw1x3 kw1x1 kw1x5 kw1x4
e00001443	alpha	1760001443000	c1	0.013806641101837158	0	kw1x1 kw1x0 kw1x1 kw1x2 kw1x0
e00001444	alpha	1760001444000	c4	0.029792025685310364	0	kw4x1 kw4x5 kw4x5 kw4x3 kw4x3
e00001445	alpha	1760001445000	c0	0.012177998200058937	0	kw0x2 kw0x4 kw0x2 kw0x0 kw0x3
e00001446	alpha	1760001446000	c2	0.034982312470674515	0	kw2x4 kw2x2 kw2x0 kw2x3 kw2x1
e00001447	alpha	1760001447000	c4	0.0018018126720562577	1	kw4x2 kw4x1 kw4x0 kw4x0 kw4x2
e00001448	alpha	1760001448000	c7	0.020310482010245323	0	kw7x4 kw7x2 kw7x2 kw7x5 kw7x1
e00001449	alpha	1760001449000	c5	0.04000990465283394	0	kw5x4 kw5x4 kw5x3 kw5x1 kw5x1
e00001450	alpha	1760001450000	c4	0.006894028279930353	0	kw4x2 kw4x0 kw4x3 kw4x1 kw4x3
e00001451	alpha	1760001451000	c0	0.010481408797204494	0	kw0x0 kw0x2 kw0x3 kw0x4 kw0x2
e00001452	alpha	1760001452000	c5	0.020318657159805298	0	kw5x5 kw5x4 kw5x2 kw5x0 kw5x1
e00001453	alpha	1760001453000	c0	0.04317084699869156	0	kw0x2 kw0x3 kw0x2 kw0x4 kw0x2
e00001454	alpha	1760001454000	c4	0.02197476662695408	0	kw4x4 kw4x2 kw4x4 kw4x2 kw4x0
e00001455	alpha	1760001455000	c1	0.019353225827217102	0	kw1x5 kw1x5 kw1x0 kw1x5 kw1x4
e00001456	alpha	1760001456000	c0	0.020449815317988396	0	kw0x0 kw0x2 kw0x0 kw0x2 kw0x1
e00001457	alpha	1760001457000	c2	0.03412468358874321	0	kw2x5 kw2x0 kw2x4 kw2x1 kw2x2
e00001458	alpha	1760001458000	c1	0.024965062737464905	1	kw1x0 kw1x2 kw1x1 kw1x0 kw1x5
e00001459	alpha	1760001459000	c2	0.015902012586593628	0	kw2x2 kw2x3 kw2x3 kw2x0 kw2x4
e00001460	alpha	1760001460000	c1	0.012655294500291348	1	kw1x1 kw1x0 kw1x5 kw1x4 kw1x5
e00001461	alpha	1760001461000	c3	0.0299201849848032	0	kw3x2 kw3x0 kw3x2 kw3x2 kw3x1
e00001462	alpha	1760001462000	c3	0.044200483709573746	0	kw3x0 kw3x2 kw3x5 kw3x0 kw3x5
e00001463	alpha	1760001463000	c0	0.042258456349372864	0	kw0x5 kw0x5 kw0x3 kw0x2 kw0x1
e00001464	alpha	1760001464000	c4	0.04977202042937279	0	kw4x4 kw4x4 kw4x5 kw4x3 kw4x4
e00001465	alpha	1760001465000	c0	0.04508930444717407	1	kw0x4 kw0x2 kw0x1 kw0x1 kw0x1
e00001466	alpha	1760001466000	c6	0.0259808748960495	0	kw6x3 kw6x1 kw6x2 kw6x2 kw6x1
e00001467	alpha	1760001467000	c1	0.03306680917739868	0	kw1x3 kw1x3 kw1x3 kw1x1 kw1x0
e00001468	alpha	1760001468000	c1	0.02166113071143627	0	kw1x0 kw1x3 kw1x4 kw1x3 kw1x5
e00001469	alpha	1760001469000	c2	0.023820651695132256	0	kw2x2 kw2x3 kw2x4 kw2x5 kw2x4
e00001470	alpha	1760001470000	c1	0.020921994000673294	0	kw1x4 kw1x0 kw1x5 kw1x4 kw1x1
e00001471	alpha	1760001471000	c1	0.027546366676688194	0	kw1x3 kw1x1 kw1x2 kw1x5 kw1x5
e00001472	alpha	1760001472000	c1	0.023636600002646446	0	kw1x4 kw1x0 kw1x2 kw1x0 kw1x1
e00001473	alpha	1760001473000	c4	0.04691316932439804	0	kw4x5 kw4x1 kw4x1 kw4x1 kw4x0
e00001474	alpha	1760001474000	c0	0.03465062752366066	0	kw0x3 kw0x5 kw0x5 kw0x0 kw0x2
e00001475	alpha	1760001475000	c4	0.04164629057049751	0	kw4x0 kw4x5 kw4x5 kw4x5 kw4x1
e00001476	alpha	1760001476000	c0	0.0013909429544582963	0	kw0x1 kw0x2 kw0x4 kw0x0 kw0x0
e00001477	alpha	1760001477000	c4	0.02036803960800171	0	kw4x3 kw4x3 kw4x4 kw4x2 kw4x3
e00001478	alpha	1760001478000	c1	0.01806945540010929	1	kw1x1 kw1x1 kw1x2 kw1x0 kw1x1
e00001479	alpha	1760001479000	c1	0.007262811064720154	0	kw1x0 kw1x3 kw1x3 kw1x1 kw1x0
e00001480	alpha	1760001480000	c6	0.023028193041682243	0	kw6x3 kw6x1 kw6x2 kw6x5 kw6x3
e00001481	alpha	1760001481000	c1	0.014065292663872242	0	kw1x5 kw1x5 kw1x2 kw1x1 kw1x0
e00001482	alpha	1760001482000	c3	0.013635003939270973	0	kw3x4 kw3x3 kw3x0 kw3x4 kw3x3
e00001483	alpha	1760001483000	c3	0.011658228002488613	0	kw3x2 kw3x4 kw3x1 kw3x1 kw3x0
e00001484	alpha	1760001484000	c2	0.005796420853585005	0	kw2x3 kw2x5 kw2x1 kw2x3 kw2x2
e00001485	alpha	1760001485000	c0	0.026671571657061577	0	kw0x1 kw0x5 kw0x5 kw0x1 kw0x4
e00001486	alpha	1760001486000	c1	0.0053343744948506355	0	kw1x3 kw1x0 kw1x5 kw1x2 kw1x1
e00001487	alpha	1760001487000	c4	0.02808217518031597	0	kw4x1 kw4x0 kw4x0 kw4x4 kw4x1
e00001488	alpha	1760001488000	c5	0.0218327846378088	0	kw5x4 kw5x3 kw5x4 kw5x3 kw5x2
e00001489	alpha	1760001489000	c0	0.02582033909857273	0	kw0x1 kw0x3 kw0x2 kw0x3 kw0x0
e00001490	alpha	1760001490000	c3	0.031737372279167175	0	kw3x4 kw3x2 kw3x1 kw3x5 kw3x3
e00001491	alpha	1760001491000	c5	0.04854538291692734	0	kw5x4 kw5x5 kw5x5 kw5x4 kw5x3
e00001492	alpha	1760001492000	c0	0.007220274303108454	0	kw0x1 kw0x4 kw0x4 kw0x1 kw0x5
e00001493	alpha	1760001493000	c1	0.044470660388469696	0	kw1x5 kw1x3 kw1x5 kw1x0 kw1x0
e00001494	alpha	1760001494000	c0	0.0037889897357672453	0	kw0x2 kw0x3 kw0x4 kw0x3 kw0x3
e00001495	alpha	1760001495000	c0	0.0373682826757431	0	kw0x5 kw0x4 kw0x4 kw0x5 kw0x1
e00001496	alpha	1760001496000	c3	0.0014274240238592029	0	kw3x2 kw3x2 kw3x4 kw3x4 kw3x4
e00001497	alpha	1760001497000	c4	0.004193478729575872	1	kw4x2 kw4x3 kw4x1 kw4x5 kw4x1
e00001498	alpha	1760001498000	c4	0.048663292080163956	1	kw4x0 kw4x1 kw4x4 kw4x2 kw4x5
e00001499	alpha	1760001499000	c0	0.00413243193179369	0	kw0x2 kw0x2 kw0x1 kw0x4 kw0x1
e00001500	alpha	1760001500000	c0	0.0338352732360363	0	kw0x3 kw0x5 kw0x5 kw0x0 kw0x3
e00001501	alpha	1760001501000	c1	0.024498311802744865	0	kw1x5 kw1x5 kw1x3 kw1x2 kw1x3
e00001502	alpha	1760001502000	c0	0.023116668686270714	0	kw0x5 kw0x4 kw0x3 kw0x0 kw0x5
e00001503	alpha	1760001503000	c5	0.0204010047018528	0	kw5x1 kw5x1 kw5x5 kw5x4 kw5x0
e00001504	alpha	1760001504000	c3	0.04162193089723587	0	kw3x0 kw3x1 kw3x5 kw3x4 kw3x1
e00001505	alpha	1760001505000	c4	0.04841409623622894	0	kw4x2 kw4x4 kw4x5 kw4x0 kw4x0
e00001506	alpha	1760001506000	c0	0.0010104775428771973	0	kw0x2 kw0x3 kw0x3 kw0x4 kw0x5
e00001507	alpha	1760001507000	c1	0.0015104651683941483	0	kw1x0 kw1x3 kw1x1 kw1x0 kw1x3
e00001508	alpha	1760001508000	c1	0.011496446095407009	0	kw1x1 kw1x4 kw1x0 kw1x5 kw1x5
e00001509	alpha	1760001509000	c0	0.023866046220064163	0	kw0x0 kw0x3 kw0x3 kw0x3 kw0x0
e00001510	alpha	1760001510000	c2	0.02402159944176674	0	kw2x4 kw2x3 kw2x4 kw2x4 kw2x0
e00001511	alpha	1760001511000	c2	0.01324338000267744	0	kw2x3 kw2x1 kw2x3 kw2x3 kw2x1
e00001512	alpha	1760001512000	c0	0.04969322681427002	0	kw0x3 kw0x0 kw0x5 kw0x2 kw0x4
e00001513	alpha	1760001513000	c0	0.04154203459620476	0	kw0x4 kw0x4 kw0x1 kw0x0 kw0x3
e00001514	alpha	1760001514000	c0	0.01941964030265808	0	kw0x5 kw0x1 kw0x3 kw0x3 kw0x0
e00001515	alpha	1760001515000	c1	0.014502602629363537	0	kw1x2 kw1x5 kw1x0 kw1x1 kw1x3
e00001516	alpha	1760001516000	c0	0.04081648215651512	0	kw0x5 kw0x3 kw0x3 kw0x2 kw0x5
e00001517	alpha	1760001517000	c4	0.018069712445139885	0	kw4x1 kw4x0 kw4x5 kw4x4 kw4x5
e00001518	alpha	1760001518000	c0	0.023678874596953392	0	kw0x5 kw0x1 kw0x4 kw0x3 kw0x5
e00001519	alpha	1760001519000	c7	0.03763442486524582	0	kw7x0 kw7x2 kw7x5 kw7x0 kw7x1
e00001520	alpha	1760001520000	c2	0.03476854786276817	0	kw2x1 kw2x4 kw2x1 kw2x0 kw2x1
e00001521	alpha	1760001521000	c0	0.019296957179903984	0	kw0x3 kw0x0 kw0x3 kw0x3 kw0x2
e00001522	alpha	1760001522000	c2	0.04795518144965172	0	kw2x4 kw2x0 kw2x1 kw2x3 kw2x3
e00001523	alpha	1760001523000	c2	0.006826210301369429	0	kw2x1 kw2x1 kw2x4 kw2x1 kw2x3
e00001524	alpha	1760001524000	c7	0.02920682728290558	0	kw7x5 kw7x5 kw7x5 kw7x2 kw7x2
e00001525	alpha	1760001525000	c6	0.00510011613368988	0	kw6x3 kw6x5 kw6x4 kw6x0 kw6x1
e00001526	alpha	1760001526000	c0	0.04559360817074776	1	kw0x3 kw0x4 kw0x3 kw0x3 kw0x1
e00001527	alpha	1760001527000	c2	0.03802990913391113	0	kw2x5 kw2x5 kw2x5 kw2x2 kw2x5
e00001528	alpha	1760001528000	c3	0.038258280605077744	0	kw3x1 kw3x5 kw3x3 kw3x2 kw3x4
e00001529	alpha	1760001529000	c0	0.02214338444173336	0	kw0x5 kw0x4 kw0x3 kw0x3 kw0x1
e00001530	alpha	1760001530000	c0	0.04565844312310219	0	kw0x3 kw0x3 kw0x3 kw0x1 kw0x0
e00001531	alpha	1760001531000	c2	0.03141932189464569	0	kw2x5 kw2x1 kw2x2 kw2x0 kw2x4
e00001532	alpha	1760001532000	c2	0.013459351845085621	0	kw2x5 kw2x0 kw2x0 kw2x0 kw2x1
e00001533	alpha	1760001533000	c0	0.034908514469861984	0	kw0x2 kw0x3 kw0x3 kw0x3 kw0x2
e00001534	alpha	1760001534000	c0	0.011384233832359314	0	kw0x0 kw0x2 kw0x5 kw0x1 kw0x1
e00001535	alpha	1760001535000	c0	0.00751779368147254	0	kw0x5 kw0x5 kw0x4 kw0x1 kw0x2
e00001536	alpha	1760001536000	c0	0.03887443616986275	0	kw0x2 kw0x1 kw0x5 kw0x2 kw0x2
e00001537	alpha	1760001537000	c1	0.0488520972430706	0	kw1x4 kw1x0 kw1x3 kw1x1 kw1x1
e00001538	alpha	1760001538000	c0	0.0008703201892785728	0	kw0x0 kw0x5 kw0x3 kw0x0 kw0x1
e00001539	alpha	1760001539000	c5	0.012737211771309376	0	kw5x3 kw5x0 kw5x5 kw5x1 kw5x2
e00001540	alpha	1760001540000	c1	0.03837917372584343	0	kw1x5 kw1x1 kw1x3 kw1x5 kw1x3
e00001541	alpha	1760001541000	c1	0.044275518506765366	0	kw1x2 kw1x3 kw1x0 kw1x4 kw1x2
e00001542	alpha	1760001542000	c2	0.01858890987932682	0	kw2x4 kw2x0 kw2x5 kw2x2 kw2x1
e00001543	alpha	1760001543000	c0	0.034156471490859985	0	kw0x5 kw0x4 kw0x1 kw0x2 kw0x1
e00001544	alpha	1760001544000	c5	0.04268820211291313	0	kw5x0 kw5x1 kw5x4 kw5x4 kw5x5
e00001545	alpha	1760001545000	c0	0.0026481151580810547	0	kw0x5 kw0x1 kw0x3 kw0x4 kw0x3
e00001546	alpha	1760001546000	c1	0.04305875301361084	0	kw1x0 kw1x2 kw1x1 kw1x3 kw1x4
e00001547	alpha	1760001547000	c0	0.03330462798476219	0	kw0x0 kw0x1 kw0x0 kw0x3 kw0x0
e00001548	alpha	1760001548000	c2	0.03209024295210838	0	kw2x0 kw2x0 kw2x1 kw2x4 kw2x3
e00001549	alpha	1760001549000	c0	0.04294039309024811	1	kw0x4 kw0x2 kw0x5 kw0x1 kw0x2
e00001550	alpha	1760001550000	c0	0.016315970569849014	0	kw0x2 kw0x2 kw0x3 kw0x1 kw0x1
e00001551	alpha	1760001551000	c1	0.0347488708794117	1	kw1x2 kw1x3 kw1x3 kw1x5 kw1x2
e00001552	alpha	1760001552000	c0	0.046047329902648926	0	kw0x5 kw0x0 kw0x0 kw0x0 kw0x3
e00001553	alpha	1760001553000	c0	0.049024831503629684	0	kw0x3 kw0x3 kw0x2 kw0x2 kw0x5
e00001554	alpha	1760001554000	c2	0.01503684837371111	0	kw2x0 kw2x2 kw2x4 kw2x0 kw2x0
e00001555	alpha	1760001555000	c7	0.045102015137672424	0	kw7x5 kw7x0 kw7x2 kw7x2 kw7x4
e00001556	alpha	1760001556000	c1	0.011058658361434937	0	kw1x1 kw1x4 kw1x2 kw1x3 kw1x2
e00001557	alpha	1760001557000	c5	0.028006261214613914	1	kw5x5 kw5x2 kw5x2 kw5x3 kw5x0
e00001558	alpha	1760001558000	c3	0.04727775976061821	0	kw3x2 kw3x5 kw3x4 kw3x0 kw3x0
e00001559	alpha	1760001559000	c0	0.0011407524580135942	0	kw0x0 kw0x2 kw0x1 kw0x1 kw0x3
e00001560	alpha	1760001560000	c7	0.016384495422244072	0	kw7x0 kw7x1 kw7x2 kw7x5 kw7x5
e00001561	alpha	1760001561000	c2	0.01926437020301819	0	kw2x3 kw2x4 kw2x5 kw2x0 kw2x1
e00001562	alpha	1760001562000	c2	0.02778981626033783	0	kw2x3 kw2x3 kw2x3 kw2x5 kw2x0
e00001563	alpha	1760001563000	c3	0.000313919794280082	0	kw3x3 kw3x3 kw3x1 kw3x1 kw3x4
e00001564	alpha	1760001564000	c2	0.04885241016745567	0	kw2x3 kw2x3 kw2x2 kw2x2 kw2x0
e00001565	alpha	1760001565000	c0	0.006248998921364546	0	kw0x5 kw0x3 kw0x5 kw0x3 kw0x1
e00001566	alpha	1760001566000	c2	0.0054757059551775455	0	kw2x2 kw2x5 kw2x5 kw2x1 kw2x4
e00001567	alpha	1760001567000	c0	0.01003329735249281	0	kw0x4 kw0x4 kw0x3 kw0x2 kw0x3
e00001568	alpha	1760001568000	c0	0.031107401475310326	1	kw0x2 kw0x4 kw0x1 kw0x5 kw0x5
e00001569	alpha	1760001569000	c1	0.042561836540699005	0	kw1x4 kw1x0 kw1x5 kw1x3 kw1x4
e00001570	alpha	1760001570000	c7	0.026949523016810417	1	kw7x3 kw7x5 kw7x1 kw7x3 kw7x1
e00001571	alpha	1760001571000	c1	0.04286695644259453	0	kw1x5 kw1x1 kw1x3 kw1x1 kw1x4
e00001572	alpha	1760001572000	c0	0.02082507312297821	0	kw0x1 kw0x0 kw0x2 kw0x0 kw0x2
e00001573	alpha	1760001573000	c4	0.016245443373918533	0	kw4x2 kw4x5 kw4x3 kw4x0 kw4x4
e00001574	alpha	1760001574000	c2	0.018336264416575432	0	kw2x5 kw2x3 kw2x2 kw2x2 kw2x3
e00001575	alpha	1760001575000	c0	0.035052765160799026	0	kw0x3 kw0x5 kw0x3 kw0x5 kw0x2
e00001576	alpha	1760001576000	c6	0.007536193821579218	0	kw6x2 kw6x2 kw6x5 kw6x1 kw6x1
e00001577	alpha	1760001577000	c2	0.035817913711071014	1	kw2x0 kw2x3 kw2x4 kw2x5 kw2x1
e00001578	alpha	1760001578000	c0	0.029292700812220573	0	kw0x4 kw0x0 kw0x5 kw0x0 kw0x3
e00001579	alpha	1760001579000	c0	0.007001087069511414	0	kw0x0 kw0x2 kw0x4 kw0x2 kw0x1
e00001580	alpha	1760001580000	c0	0.049871306866407394	0	kw0x1 kw0x5 kw0x5 kw0x0 kw0x5
e00001581	alpha	1760001581000	c0	0.04382644593715668	0	kw0x2 kw0x1 kw0x4 kw0x2 kw0x4
e00001582	alpha	1760001582000	c2	0.025674039497971535	1	kw2x5 kw2x2 kw2x4 kw2x5 kw2x2
e00001583	alpha	1760001583000	c0	0.0056197731755673885	0	kw0x5 kw0x1 kw0x0 kw0x1 kw0x4
e00001584	alpha	1760001584000	c0	0.02226855233311653	0	kw0x4 kw0x2 kw0x0 kw0x1 kw0x5
e00001585	alpha	1760001585000	c0	0.02482479251921177	0	kw0x5 kw0x3 kw0x4 kw0x5 kw0x2
e00001586	alpha	1760001586000	c0	0.014863110147416592	1	kw0x0 kw0x1 kw0x4 kw0x5 kw0x1
e00001587	alpha	1760001587000	c7	0.03823259472846985	0	kw7x5 kw7x0 kw7x2 kw7x1 kw7x5
e00001588	alpha	1760001588000	c0	0.03473401442170143	1	kw0x4 kw0x1 kw0x1 kw0x1 kw0x2
e00001589	alpha	1760001589000	c2	0.004055720753967762	0	kw2x0 kw2x1 kw2x3 kw2x1 kw2x4
e00001590	alpha	1760001590000	c0	0.031540464609861374	0	kw0x5 kw0x3 kw0x1 kw0x1 kw0x3
e00001591	alpha	1760001591000	c1	0.02239939570426941	1	kw1x5 kw1x5 kw1x1 kw1x4 kw1x2
e00001592	alpha	1760001592000	c0	0.017254918813705444	0	kw0x1 kw0x4 kw0x2 kw0x3 kw0x5
e00001593	alpha	1760001593000	c6	0.045541778206825256	0	kw6x3 kw6x3 kw6x4 kw6x0 kw6x3
e00001594	alpha	1760001594000	c6	0.012042596936225891	0	kw6x3 kw6x3 kw6x3 kw6x3 kw6x0
e00001595	alpha	1760001595000	c3	0.00769044179469347	0	kw3x2 kw3x2 kw3x5 kw3x5 kw3x2
e00001596	alpha	1760001596000	c0	0.022726988419890404	0	kw0x2 kw0x2 kw0x4 kw0x3 kw0x4
e00001597	alpha	1760001597000	c0	0.013364464044570923	1	kw0x4 kw0x3 kw0x5 kw0x5 kw0x1
e00001598	alpha	1760001598000	c1	0.03956502676010132	0	kw1x0 kw1x1 kw1x0 kw1x5 kw1x1
e00001599	alpha	1760001599000	c4	0.016937509179115295	0	kw4x3 kw4x2 kw4x2 kw4x1 kw4x5
